0.0005 999.999
0.0015 999.999
0.0025 999.999
0.0035 999.999
0.0045 999.999
0.0055 999.999
0.0065 999.999
0.0075 999.999
0.0085 999.999
0.0095 999.999
0.0105 999.999
0.0115 999.999
0.0125 999.999
0.0135 999.999
0.0145 999.999
0.0155 999.999
0.0165 999.999
0.0175 999.999
0.0185 999.998
0.0195 999.998
0.0205 999.998
0.0215 999.998
0.0225 999.998
0.0235 999.997
0.0245 999.997
0.0255 999.996
0.0265 999.996
0.0275 999.995
0.0285 999.994
0.0295 999.993
0.0305 999.992
0.0315 999.991
0.0325 999.989
0.0335 999.987
0.0345 999.985
0.0355 999.982
0.0365 999.979
0.0375 999.975
0.0385 999.971
0.0395 999.966
0.0405 999.96
0.0415 999.954
0.0425 999.946
0.0435 999.937
0.0445 999.927
0.0455 999.916
0.0465 999.903
0.0475 999.888
0.0485 999.871
0.0495 999.852
0.0505 999.831
0.0515 999.807
0.0525 999.781
0.0535 999.751
0.0545 999.718
0.0555 999.681
0.0565 999.641
0.0575 999.596
0.0585 999.547
0.0595 999.494
0.0605 999.435
0.0615 999.371
0.0625 999.301
0.0635 999.225
0.0645 999.143
0.0655 999.055
0.0665 998.96
0.0675 998.857
0.0685 998.748
0.0695 998.63
0.0705 998.505
0.0715 998.372
0.0725 998.231
0.0735 998.081
0.0745 997.923
0.0755 997.755
0.0765 997.579
0.0775 997.394
0.0785 997.2
0.0795 996.997
0.0805 996.785
0.0815 996.563
0.0825 996.332
0.0835 996.092
0.0845 995.843
0.0855 995.584
0.0865 995.316
0.0875 995.04
0.0885 994.754
0.0895 994.46
0.0905 994.157
0.0915 993.845
0.0925 993.524
0.0935 993.196
0.0945 992.859
0.0955 992.514
0.0965 992.161
0.0975 991.801
0.0985 991.433
0.0995 991.057
0.1005 990.674
0.1015 990.285
0.1025 989.888
0.1035 989.485
0.1045 989.075
0.1055 988.659
0.1065 988.236
0.1075 987.808
0.1085 987.374
0.1095 986.934
0.1105 986.489
0.1115 986.038
0.1125 985.582
0.1135 985.121
0.1145 984.655
0.1155 984.185
0.1165 983.71
0.1175 983.23
0.1185 982.746
0.1195 982.258
0.1205 981.766
0.1215 981.27
0.1225 980.77
0.1235 980.267
0.1245 979.76
0.1255 979.249
0.1265 978.735
0.1275 978.218
0.1285 977.698
0.1295 977.174
0.1305 976.648
0.1315 976.119
0.1325 975.587
0.1335 975.052
0.1345 974.514
0.1355 973.974
0.1365 973.432
0.1375 972.887
0.1385 972.34
0.1395 971.79
0.1405 971.239
0.1415 970.685
0.1425 970.129
0.1435 969.571
0.1445 969.011
0.1455 968.449
0.1465 967.886
0.1475 967.32
0.1485 966.753
0.1495 966.184
0.1505 965.613
0.1515 965.041
0.1525 964.467
0.1535 963.891
0.1545 963.314
0.1555 962.736
0.1565 962.156
0.1575 961.574
0.1585 960.992
0.1595 960.407
0.1605 959.822
0.1615 959.235
0.1625 958.647
0.1635 958.058
0.1645 957.468
0.1655 956.876
0.1665 956.283
0.1675 955.69
0.1685 955.095
0.1695 954.498
0.1705 953.901
0.1715 953.303
0.1725 952.704
0.1735 952.104
0.1745 951.502
0.1755 950.9
0.1765 950.297
0.1775 949.693
0.1785 949.088
0.1795 948.482
0.1805 947.875
0.1815 947.268
0.1825 946.659
0.1835 946.05
0.1845 945.44
0.1855 944.829
0.1865 944.217
0.1875 943.604
0.1885 942.991
0.1895 942.377
0.1905 941.762
0.1915 941.146
0.1925 940.53
0.1935 939.913
0.1945 939.295
0.1955 938.676
0.1965 938.057
0.1975 937.437
0.1985 936.816
0.1995 936.195
0.2005 935.573
0.2015 934.95
0.2025 934.327
0.2035 933.703
0.2045 933.078
0.2055 932.453
0.2065 931.827
0.2075 931.201
0.2085 930.574
0.2095 929.946
0.2105 929.317
0.2115 928.689
0.2125 928.059
0.2135 927.429
0.2145 926.798
0.2155 926.167
0.2165 925.535
0.2175 924.903
0.2185 924.27
0.2195 923.636
0.2205 923.002
0.2215 922.368
0.2225 921.733
0.2235 921.097
0.2245 920.461
0.2255 919.824
0.2265 919.187
0.2275 918.549
0.2285 917.911
0.2295 917.272
0.2305 916.633
0.2315 915.993
0.2325 915.353
0.2335 914.712
0.2345 914.07
0.2355 913.429
0.2365 912.786
0.2375 912.143
0.2385 911.5
0.2395 910.856
0.2405 910.212
0.2415 909.567
0.2425 908.922
0.2435 908.277
0.2445 907.631
0.2455 906.984
0.2465 906.337
0.2475 905.689
0.2485 905.041
0.2495 904.393
0.2505 903.744
0.2515 903.095
0.2525 902.445
0.2535 901.795
0.2545 901.144
0.2555 900.493
0.2565 899.842
0.2575 899.19
0.2585 898.537
0.2595 897.884
0.2605 897.231
0.2615 896.577
0.2625 895.923
0.2635 895.269
0.2645 894.614
0.2655 893.958
0.2665 893.303
0.2675 892.646
0.2685 891.99
0.2695 891.333
0.2705 890.675
0.2715 890.017
0.2725 889.359
0.2735 888.701
0.2745 888.041
0.2755 887.382
0.2765 886.722
0.2775 886.062
0.2785 885.401
0.2795 884.74
0.2805 884.079
0.2815 883.417
0.2825 882.755
0.2835 882.093
0.2845 881.43
0.2855 880.766
0.2865 880.103
0.2875 879.439
0.2885 878.774
0.2895 878.11
0.2905 877.444
0.2915 876.779
0.2925 876.113
0.2935 875.447
0.2945 874.78
0.2955 874.114
0.2965 873.446
0.2975 872.779
0.2985 872.111
0.2995 871.443
0.3005 870.774
0.3015 870.105
0.3025 869.436
0.3035 868.766
0.3045 868.097
0.3055 867.426
0.3065 866.756
0.3075 866.085
0.3085 865.414
0.3095 864.743
0.3105 864.071
0.3115 863.399
0.3125 862.727
0.3135 862.054
0.3145 861.381
0.3155 860.708
0.3165 860.035
0.3175 859.361
0.3185 858.687
0.3195 858.013
0.3205 857.339
0.3215 856.664
0.3225 855.989
0.3235 855.314
0.3245 854.639
0.3255 853.963
0.3265 853.288
0.3275 852.612
0.3285 851.935
0.3295 851.259
0.3305 850.582
0.3315 849.906
0.3325 849.229
0.3335 848.552
0.3345 847.874
0.3355 847.197
0.3365 846.52
0.3375 845.842
0.3385 845.164
0.3395 844.486
0.3405 843.808
0.3415 843.13
0.3425 842.452
0.3435 841.774
0.3445 841.096
0.3455 840.417
0.3465 839.739
0.3475 839.061
0.3485 838.382
0.3495 837.704
0.3505 837.026
0.3515 836.347
0.3525 835.669
0.3535 834.991
0.3545 834.313
0.3555 833.635
0.3565 832.957
0.3575 832.28
0.3585 831.602
0.3595 830.925
0.3605 830.248
0.3615 829.571
0.3625 828.894
0.3635 828.218
0.3645 827.541
0.3655 826.866
0.3665 826.19
0.3675 825.515
0.3685 824.841
0.3695 824.166
0.3705 823.493
0.3715 822.819
0.3725 822.147
0.3735 821.475
0.3745 820.803
0.3755 820.132
0.3765 819.462
0.3775 818.793
0.3785 818.124
0.3795 817.456
0.3805 816.789
0.3815 816.123
0.3825 815.458
0.3835 814.794
0.3845 814.131
0.3855 813.469
0.3865 812.808
0.3875 812.149
0.3885 811.491
0.3895 810.835
0.3905 810.179
0.3915 809.526
0.3925 808.874
0.3935 808.224
0.3945 807.576
0.3955 806.93
0.3965 806.285
0.3975 805.643
0.3985 805.003
0.3995 804.366
0.4005 803.731
0.4015 803.098
0.4025 802.469
0.4035 801.842
0.4045 801.218
0.4055 800.598
0.4065 799.981
0.4075 799.367
0.4085 798.757
0.4095 798.151
0.4105 797.549
0.4115 796.951
0.4125 796.358
0.4135 795.769
0.4145 795.186
0.4155 794.607
0.4165 794.034
0.4175 793.467
0.4185 792.906
0.4195 792.351
0.4205 791.802
0.4215 791.26
0.4225 790.726
0.4235 790.198
0.4245 789.679
0.4255 789.168
0.4265 788.665
0.4275 788.171
0.4285 787.686
0.4295 787.211
0.4305 786.746
0.4315 786.291
0.4325 785.847
0.4335 785.414
0.4345 784.993
0.4355 784.583
0.4365 784.186
0.4375 783.801
0.4385 783.429
0.4395 783.07
0.4405 782.725
0.4415 782.394
0.4425 782.077
0.4435 781.775
0.4445 781.487
0.4455 781.214
0.4465 780.956
0.4475 780.712
0.4485 780.484
0.4495 780.271
0.4505 780.073
0.4515 779.889
0.4525 779.72
0.4535 779.566
0.4545 779.425
0.4555 779.298
0.4565 779.185
0.4575 779.084
0.4585 778.995
0.4595 778.918
0.4605 778.853
0.4615 778.797
0.4625 778.752
0.4635 778.715
0.4645 778.687
0.4655 778.667
0.4665 778.653
0.4675 778.646
0.4685 778.644
0.4695 778.647
0.4705 778.654
0.4715 778.664
0.4725 778.677
0.4735 778.693
0.4745 778.711
0.4755 778.729
0.4765 778.749
0.4775 778.769
0.4785 778.789
0.4795 778.809
0.4805 778.829
0.4815 778.848
0.4825 778.866
0.4835 778.883
0.4845 778.898
0.4855 778.913
0.4865 778.926
0.4875 778.938
0.4885 778.948
0.4895 778.957
0.4905 778.965
0.4915 778.971
0.4925 778.975
0.4935 778.978
0.4945 778.98
0.4955 778.981
0.4965 778.98
0.4975 778.978
0.4985 778.975
0.4995 778.971
0.5005 778.966
0.5015 778.959
0.5025 778.952
0.5035 778.944
0.5045 778.934
0.5055 778.925
0.5065 778.914
0.5075 778.902
0.5085 778.89
0.5095 778.877
0.5105 778.864
0.5115 778.85
0.5125 778.836
0.5135 778.821
0.5145 778.805
0.5155 778.789
0.5165 778.773
0.5175 778.757
0.5185 778.74
0.5195 778.723
0.5205 778.706
0.5215 778.688
0.5225 778.671
0.5235 778.653
0.5245 778.635
0.5255 778.618
0.5265 778.6
0.5275 778.582
0.5285 778.564
0.5295 778.546
0.5305 778.528
0.5315 778.51
0.5325 778.493
0.5335 778.475
0.5345 778.458
0.5355 778.44
0.5365 778.423
0.5375 778.406
0.5385 778.389
0.5395 778.372
0.5405 778.356
0.5415 778.339
0.5425 778.323
0.5435 778.307
0.5445 778.291
0.5455 778.275
0.5465 778.26
0.5475 778.244
0.5485 778.229
0.5495 778.215
0.5505 778.2
0.5515 778.185
0.5525 778.171
0.5535 778.157
0.5545 778.143
0.5555 778.129
0.5565 778.116
0.5575 778.102
0.5585 778.089
0.5595 778.076
0.5605 778.063
0.5615 778.05
0.5625 778.038
0.5635 778.025
0.5645 778.013
0.5655 778.001
0.5665 777.988
0.5675 777.976
0.5685 777.964
0.5695 777.953
0.5705 777.941
0.5715 777.929
0.5725 777.918
0.5735 777.906
0.5745 777.895
0.5755 777.883
0.5765 777.872
0.5775 777.861
0.5785 777.849
0.5795 777.838
0.5805 777.827
0.5815 777.816
0.5825 777.805
0.5835 777.794
0.5845 777.783
0.5855 777.772
0.5865 777.761
0.5875 777.75
0.5885 777.74
0.5895 777.729
0.5905 777.718
0.5915 777.707
0.5925 777.697
0.5935 777.686
0.5945 777.676
0.5955 777.665
0.5965 777.655
0.5975 777.644
0.5985 777.634
0.5995 777.623
0.6005 777.613
0.6015 777.603
0.6025 777.592
0.6035 777.582
0.6045 777.572
0.6055 777.561
0.6065 777.551
0.6075 777.541
0.6085 777.531
0.6095 777.521
0.6105 777.511
0.6115 777.501
0.6125 777.491
0.6135 777.481
0.6145 777.471
0.6155 777.461
0.6165 777.451
0.6175 777.441
0.6185 777.432
0.6195 777.422
0.6205 777.412
0.6215 777.402
0.6225 777.392
0.6235 777.383
0.6245 777.373
0.6255 777.363
0.6265 777.354
0.6275 777.344
0.6285 777.334
0.6295 777.325
0.6305 777.315
0.6315 777.306
0.6325 777.296
0.6335 777.287
0.6345 777.277
0.6355 777.267
0.6365 777.258
0.6375 777.248
0.6385 777.239
0.6395 777.229
0.6405 777.22
0.6415 777.21
0.6425 777.201
0.6435 777.191
0.6445 777.182
0.6455 777.172
0.6465 777.163
0.6475 777.153
0.6485 777.143
0.6495 777.134
0.6505 777.124
0.6515 777.115
0.6525 777.105
0.6535 777.096
0.6545 777.086
0.6555 777.076
0.6565 777.067
0.6575 777.057
0.6585 777.047
0.6595 777.038
0.6605 777.028
0.6615 777.018
0.6625 777.008
0.6635 776.998
0.6645 776.989
0.6655 776.979
0.6665 776.969
0.6675 776.959
0.6685 776.949
0.6695 776.939
0.6705 776.929
0.6715 776.919
0.6725 776.909
0.6735 776.899
0.6745 776.888
0.6755 776.878
0.6765 776.868
0.6775 776.858
0.6785 776.847
0.6795 776.837
0.6805 776.826
0.6815 776.816
0.6825 776.805
0.6835 776.795
0.6845 776.784
0.6855 776.773
0.6865 776.762
0.6875 776.752
0.6885 776.741
0.6895 776.73
0.6905 776.719
0.6915 776.707
0.6925 776.696
0.6935 776.685
0.6945 776.673
0.6955 776.662
0.6965 776.65
0.6975 776.639
0.6985 776.627
0.6995 776.615
0.7005 776.603
0.7015 776.591
0.7025 776.579
0.7035 776.567
0.7045 776.555
0.7055 776.542
0.7065 776.53
0.7075 776.517
0.7085 776.504
0.7095 776.491
0.7105 776.478
0.7115 776.465
0.7125 776.452
0.7135 776.438
0.7145 776.424
0.7155 776.411
0.7165 776.397
0.7175 776.383
0.7185 776.368
0.7195 776.354
0.7205 776.339
0.7215 776.324
0.7225 776.309
0.7235 776.294
0.7245 776.279
0.7255 776.263
0.7265 776.248
0.7275 776.231
0.7285 776.215
0.7295 776.199
0.7305 776.182
0.7315 776.165
0.7325 776.148
0.7335 776.13
0.7345 776.112
0.7355 776.094
0.7365 776.076
0.7375 776.057
0.7385 776.038
0.7395 776.019
0.7405 775.999
0.7415 775.979
0.7425 775.958
0.7435 775.937
0.7445 775.916
0.7455 775.894
0.7465 775.872
0.7475 775.85
0.7485 775.827
0.7495 775.803
0.7505 775.779
0.7515 775.754
0.7525 775.729
0.7535 775.703
0.7545 775.677
0.7555 775.65
0.7565 775.622
0.7575 775.594
0.7585 775.565
0.7595 775.535
0.7605 775.504
0.7615 775.473
0.7625 775.44
0.7635 775.407
0.7645 775.372
0.7655 775.337
0.7665 775.301
0.7675 775.263
0.7685 775.224
0.7695 775.184
0.7705 775.142
0.7715 775.099
0.7725 775.054
0.7735 775.008
0.7745 774.959
0.7755 774.909
0.7765 774.856
0.7775 774.801
0.7785 774.743
0.7795 774.682
0.7805 774.617
0.7815 774.547
0.7825 774.471
0.7835 774.388
0.7845 774.296
0.7855 774.192
0.7865 774.071
0.7875 773.93
0.7885 773.761
0.7895 773.555
0.7905 773.301
0.7915 772.983
0.7925 772.583
0.7935 772.075
0.7945 771.43
0.7955 770.611
0.7965 769.572
0.7975 768.26
0.7985 766.612
0.7995 764.552
0.8005 761.998
0.8015 758.854
0.8025 755.015
0.8035 750.367
0.8045 744.787
0.8055 738.147
0.8065 730.318
0.8075 721.17
0.8085 710.577
0.8095 698.425
0.8105 684.611
0.8115 669.054
0.8125 651.695
0.8135 632.504
0.8145 611.486
0.8155 588.677
0.8165 564.156
0.8175 538.04
0.8185 510.483
0.8195 481.68
0.8205 451.859
0.8215 421.278
0.8225 390.219
0.8235 358.978
0.8245 327.855
0.8255 297.144
0.8265 267.126
0.8275 238.063
0.8285 210.222
0.8295 183.783
0.8305 159.163
0.8315 136.381
0.8325 117.579
0.8335 108.588
0.8345 110.777
0.8355 114.515
0.8365 118.528
0.8375 122.737
0.8385 127.149
0.8395 131.762
0.8405 136.561
0.8415 141.529
0.8425 146.646
0.8435 151.892
0.8445 157.242
0.8455 162.671
0.8465 168.154
0.8475 173.665
0.8485 179.177
0.8495 184.664
0.8505 190.102
0.8515 195.465
0.8525 200.733
0.8535 205.884
0.8545 210.903
0.8555 215.774
0.8565 220.485
0.8575 225.029
0.8585 229.398
0.8595 233.59
0.8605 237.605
0.8615 241.444
0.8625 245.11
0.8635 248.61
0.8645 251.949
0.8655 255.135
0.8665 258.174
0.8675 261.072
0.8685 263.831
0.8695 266.448
0.8705 268.908
0.8715 271.175
0.8725 273.18
0.8735 274.787
0.8745 275.75
0.8755 275.628
0.8765 273.648
0.8775 268.5
0.8785 258.065
0.8795 239.256
0.8805 208.519
0.8815 164.319
0.8825 112.762
0.8835 71.492
0.8845 53.6586
0.8855 50.1585
0.8865 50.0031
0.8875 50.001
0.8885 50.001
0.8895 50.001
0.8905 50.001
0.8915 50.001
0.8925 50.0009
0.8935 50.0009
0.8945 50.0009
0.8955 50.0009
0.8965 50.0009
0.8975 50.0009
0.8985 50.0009
0.8995 50.0009
0.9005 50.0009
0.9015 50.0009
0.9025 50.0009
0.9035 50.0009
0.9045 50.0009
0.9055 50.0009
0.9065 50.0009
0.9075 50.0009
0.9085 50.0009
0.9095 50.0009
0.9105 50.0009
0.9115 50.0009
0.9125 50.0009
0.9135 50.0009
0.9145 50.0009
0.9155 50.0009
0.9165 50.0009
0.9175 50.0009
0.9185 50.0009
0.9195 50.0009
0.9205 50.0009
0.9215 50.0009
0.9225 50.0009
0.9235 50.0009
0.9245 50.0009
0.9255 50.0009
0.9265 50.0009
0.9275 50.0009
0.9285 50.0009
0.9295 50.0009
0.9305 50.0009
0.9315 50.0009
0.9325 50.0009
0.9335 50.0009
0.9345 50.0009
0.9355 50.0009
0.9365 50.0009
0.9375 50.0009
0.9385 50.0009
0.9395 50.0009
0.9405 50.0009
0.9415 50.0009
0.9425 50.0009
0.9435 50.0009
0.9445 50.0009
0.9455 50.0009
0.9465 50.0009
0.9475 50.0009
0.9485 50.0009
0.9495 50.0009
0.9505 50.0009
0.9515 50.0009
0.9525 50.0009
0.9535 50.0009
0.9545 50.0009
0.9555 50.0009
0.9565 50.0009
0.9575 50.0009
0.9585 50.0009
0.9595 50.0009
0.9605 50.0009
0.9615 50.0009
0.9625 50.0009
0.9635 50.0009
0.9645 50.0009
0.9655 50.0009
0.9665 50.0009
0.9675 50.0009
0.9685 50.0009
0.9695 50.0009
0.9705 50.0009
0.9715 50.0009
0.9725 50.0009
0.9735 50.0009
0.9745 50.0009
0.9755 50.0009
0.9765 50.0009
0.9775 50.0009
0.9785 50.0009
0.9795 50.0009
0.9805 50.0009
0.9815 50.0009
0.9825 50.0009
0.9835 50.0009
0.9845 50.0009
0.9855 50.0009
0.9865 50.0009
0.9875 50.0009
0.9885 50.0009
0.9895 50.0009
0.9905 50.0009
0.9915 50.0009
0.9925 50.0009
0.9935 50.0009
0.9945 50.0009
0.9955 50.0009
0.9965 50.0009
0.9975 50.0009
0.9985 50.0009
0.9995 50.0009
