0.0005 1000
0.0015 1000
0.0025 1000
0.0035 1000
0.0045 1000
0.0055 1000
0.0065 1000
0.0075 1000
0.0085 1000
0.0095 1000
0.0105 1000
0.0115 1000
0.0125 1000
0.0135 1000
0.0145 1000
0.0155 1000
0.0165 1000
0.0175 1000
0.0185 999.999
0.0195 999.999
0.0205 999.999
0.0215 999.999
0.0225 999.999
0.0235 999.998
0.0245 999.998
0.0255 999.997
0.0265 999.997
0.0275 999.996
0.0285 999.995
0.0295 999.994
0.0305 999.993
0.0315 999.992
0.0325 999.99
0.0335 999.988
0.0345 999.986
0.0355 999.983
0.0365 999.98
0.0375 999.976
0.0385 999.972
0.0395 999.967
0.0405 999.961
0.0415 999.955
0.0425 999.947
0.0435 999.938
0.0445 999.928
0.0455 999.917
0.0465 999.904
0.0475 999.889
0.0485 999.872
0.0495 999.853
0.0505 999.832
0.0515 999.808
0.0525 999.782
0.0535 999.752
0.0545 999.719
0.0555 999.682
0.0565 999.642
0.0575 999.597
0.0585 999.548
0.0595 999.494
0.0605 999.436
0.0615 999.372
0.0625 999.302
0.0635 999.226
0.0645 999.144
0.0655 999.056
0.0665 998.96
0.0675 998.858
0.0685 998.748
0.0695 998.631
0.0705 998.506
0.0715 998.373
0.0725 998.231
0.0735 998.082
0.0745 997.923
0.0755 997.756
0.0765 997.58
0.0775 997.395
0.0785 997.201
0.0795 996.997
0.0805 996.785
0.0815 996.563
0.0825 996.332
0.0835 996.092
0.0845 995.843
0.0855 995.584
0.0865 995.316
0.0875 995.04
0.0885 994.754
0.0895 994.459
0.0905 994.156
0.0915 993.844
0.0925 993.524
0.0935 993.195
0.0945 992.858
0.0955 992.513
0.0965 992.16
0.0975 991.799
0.0985 991.431
0.0995 991.055
0.1005 990.672
0.1015 990.282
0.1025 989.885
0.1035 989.482
0.1045 989.072
0.1055 988.655
0.1065 988.233
0.1075 987.804
0.1085 987.37
0.1095 986.93
0.1105 986.484
0.1115 986.033
0.1125 985.577
0.1135 985.116
0.1145 984.65
0.1155 984.179
0.1165 983.704
0.1175 983.224
0.1185 982.74
0.1195 982.251
0.1205 981.759
0.1215 981.263
0.1225 980.762
0.1235 980.259
0.1245 979.751
0.1255 979.24
0.1265 978.726
0.1275 978.209
0.1285 977.688
0.1295 977.164
0.1305 976.637
0.1315 976.108
0.1325 975.575
0.1335 975.04
0.1345 974.502
0.1355 973.962
0.1365 973.419
0.1375 972.874
0.1385 972.327
0.1395 971.777
0.1405 971.225
0.1415 970.671
0.1425 970.114
0.1435 969.556
0.1445 968.996
0.1455 968.433
0.1465 967.869
0.1475 967.303
0.1485 966.736
0.1495 966.166
0.1505 965.595
0.1515 965.023
0.1525 964.448
0.1535 963.872
0.1545 963.295
0.1555 962.716
0.1565 962.136
0.1575 961.554
0.1585 960.971
0.1595 960.386
0.1605 959.801
0.1615 959.213
0.1625 958.625
0.1635 958.035
0.1645 957.445
0.1655 956.853
0.1665 956.259
0.1675 955.665
0.1685 955.07
0.1695 954.473
0.1705 953.876
0.1715 953.277
0.1725 952.678
0.1735 952.077
0.1745 951.475
0.1755 950.873
0.1765 950.269
0.1775 949.665
0.1785 949.059
0.1795 948.453
0.1805 947.846
0.1815 947.238
0.1825 946.629
0.1835 946.019
0.1845 945.408
0.1855 944.797
0.1865 944.184
0.1875 943.571
0.1885 942.958
0.1895 942.343
0.1905 941.728
0.1915 941.111
0.1925 940.495
0.1935 939.877
0.1945 939.259
0.1955 938.64
0.1965 938.02
0.1975 937.399
0.1985 936.778
0.1995 936.156
0.2005 935.534
0.2015 934.911
0.2025 934.287
0.2035 933.662
0.2045 933.037
0.2055 932.412
0.2065 931.785
0.2075 931.158
0.2085 930.531
0.2095 929.902
0.2105 929.274
0.2115 928.644
0.2125 928.014
0.2135 927.384
0.2145 926.752
0.2155 926.121
0.2165 925.488
0.2175 924.855
0.2185 924.222
0.2195 923.588
0.2205 922.953
0.2215 922.318
0.2225 921.683
0.2235 921.047
0.2245 920.41
0.2255 919.773
0.2265 919.135
0.2275 918.496
0.2285 917.858
0.2295 917.218
0.2305 916.578
0.2315 915.938
0.2325 915.297
0.2335 914.656
0.2345 914.014
0.2355 913.372
0.2365 912.729
0.2375 912.085
0.2385 911.442
0.2395 910.797
0.2405 910.152
0.2415 909.507
0.2425 908.861
0.2435 908.215
0.2445 907.569
0.2455 906.921
0.2465 906.274
0.2475 905.626
0.2485 904.977
0.2495 904.328
0.2505 903.679
0.2515 903.029
0.2525 902.378
0.2535 901.728
0.2545 901.076
0.2555 900.425
0.2565 899.773
0.2575 899.12
0.2585 898.467
0.2595 897.813
0.2605 897.16
0.2615 896.505
0.2625 895.851
0.2635 895.195
0.2645 894.54
0.2655 893.884
0.2665 893.227
0.2675 892.571
0.2685 891.913
0.2695 891.256
0.2705 890.598
0.2715 889.939
0.2725 889.28
0.2735 888.621
0.2745 887.961
0.2755 887.301
0.2765 886.641
0.2775 885.98
0.2785 885.319
0.2795 884.657
0.2805 883.995
0.2815 883.332
0.2825 882.67
0.2835 882.006
0.2845 881.343
0.2855 880.679
0.2865 880.015
0.2875 879.35
0.2885 878.685
0.2895 878.019
0.2905 877.354
0.2915 876.687
0.2925 876.021
0.2935 875.354
0.2945 874.687
0.2955 874.019
0.2965 873.351
0.2975 872.683
0.2985 872.015
0.2995 871.346
0.3005 870.676
0.3015 870.007
0.3025 869.337
0.3035 868.667
0.3045 867.996
0.3055 867.325
0.3065 866.654
0.3075 865.982
0.3085 865.311
0.3095 864.638
0.3105 863.966
0.3115 863.293
0.3125 862.62
0.3135 861.947
0.3145 861.274
0.3155 860.6
0.3165 859.926
0.3175 859.251
0.3185 858.577
0.3195 857.902
0.3205 857.226
0.3215 856.551
0.3225 855.875
0.3235 855.2
0.3245 854.523
0.3255 853.847
0.3265 853.171
0.3275 852.494
0.3285 851.817
0.3295 851.14
0.3305 850.462
0.3315 849.785
0.3325 849.107
0.3335 848.429
0.3345 847.751
0.3355 847.073
0.3365 846.395
0.3375 845.717
0.3385 845.038
0.3395 844.359
0.3405 843.681
0.3415 843.002
0.3425 842.323
0.3435 841.644
0.3445 840.965
0.3455 840.286
0.3465 839.607
0.3475 838.928
0.3485 838.248
0.3495 837.569
0.3505 836.89
0.3515 836.211
0.3525 835.532
0.3535 834.853
0.3545 834.174
0.3555 833.496
0.3565 832.817
0.3575 832.139
0.3585 831.46
0.3595 830.782
0.3605 830.104
0.3615 829.427
0.3625 828.749
0.3635 828.072
0.3645 827.395
0.3655 826.719
0.3665 826.043
0.3675 825.367
0.3685 824.691
0.3695 824.016
0.3705 823.342
0.3715 822.668
0.3725 821.995
0.3735 821.322
0.3745 820.65
0.3755 819.978
0.3765 819.307
0.3775 818.637
0.3785 817.968
0.3795 817.299
0.3805 816.632
0.3815 815.965
0.3825 815.299
0.3835 814.635
0.3845 813.971
0.3855 813.309
0.3865 812.648
0.3875 811.988
0.3885 811.329
0.3895 810.672
0.3905 810.017
0.3915 809.363
0.3925 808.711
0.3935 808.06
0.3945 807.412
0.3955 806.765
0.3965 806.121
0.3975 805.478
0.3985 804.838
0.3995 804.2
0.4005 803.565
0.4015 802.933
0.4025 802.303
0.4035 801.676
0.4045 801.053
0.4055 800.432
0.4065 799.815
0.4075 799.202
0.4085 798.592
0.4095 797.986
0.4105 797.385
0.4115 796.788
0.4125 796.195
0.4135 795.607
0.4145 795.024
0.4155 794.446
0.4165 793.874
0.4175 793.308
0.4185 792.748
0.4195 792.194
0.4205 791.646
0.4215 791.106
0.4225 790.573
0.4235 790.047
0.4245 789.529
0.4255 789.02
0.4265 788.519
0.4275 788.027
0.4285 787.545
0.4295 787.072
0.4305 786.61
0.4315 786.157
0.4325 785.716
0.4335 785.286
0.4345 784.868
0.4355 784.461
0.4365 784.067
0.4375 783.686
0.4385 783.318
0.4395 782.963
0.4405 782.622
0.4415 782.295
0.4425 781.982
0.4435 781.684
0.4445 781.4
0.4455 781.131
0.4465 780.877
0.4475 780.639
0.4485 780.415
0.4495 780.206
0.4505 780.012
0.4515 779.833
0.4525 779.669
0.4535 779.519
0.4545 779.382
0.4555 779.26
0.4565 779.15
0.4575 779.053
0.4585 778.968
0.4595 778.895
0.4605 778.833
0.4615 778.781
0.4625 778.738
0.4635 778.704
0.4645 778.679
0.4655 778.66
0.4665 778.649
0.4675 778.643
0.4685 778.643
0.4695 778.647
0.4705 778.655
0.4715 778.667
0.4725 778.681
0.4735 778.697
0.4745 778.715
0.4755 778.734
0.4765 778.754
0.4775 778.774
0.4785 778.794
0.4795 778.814
0.4805 778.834
0.4815 778.852
0.4825 778.87
0.4835 778.887
0.4845 778.902
0.4855 778.916
0.4865 778.929
0.4875 778.94
0.4885 778.95
0.4895 778.959
0.4905 778.966
0.4915 778.971
0.4925 778.975
0.4935 778.978
0.4945 778.98
0.4955 778.98
0.4965 778.979
0.4975 778.976
0.4985 778.973
0.4995 778.968
0.5005 778.963
0.5015 778.956
0.5025 778.948
0.5035 778.94
0.5045 778.93
0.5055 778.92
0.5065 778.909
0.5075 778.898
0.5085 778.885
0.5095 778.872
0.5105 778.859
0.5115 778.844
0.5125 778.83
0.5135 778.815
0.5145 778.799
0.5155 778.783
0.5165 778.767
0.5175 778.75
0.5185 778.734
0.5195 778.717
0.5205 778.699
0.5215 778.682
0.5225 778.664
0.5235 778.647
0.5245 778.629
0.5255 778.611
0.5265 778.593
0.5275 778.575
0.5285 778.557
0.5295 778.539
0.5305 778.521
0.5315 778.504
0.5325 778.486
0.5335 778.468
0.5345 778.451
0.5355 778.434
0.5365 778.416
0.5375 778.399
0.5385 778.382
0.5395 778.366
0.5405 778.349
0.5415 778.333
0.5425 778.316
0.5435 778.3
0.5445 778.285
0.5455 778.269
0.5465 778.254
0.5475 778.238
0.5485 778.223
0.5495 778.208
0.5505 778.194
0.5515 778.179
0.5525 778.165
0.5535 778.151
0.5545 778.137
0.5555 778.124
0.5565 778.11
0.5575 778.097
0.5585 778.083
0.5595 778.07
0.5605 778.058
0.5615 778.045
0.5625 778.032
0.5635 778.02
0.5645 778.007
0.5655 777.995
0.5665 777.983
0.5675 777.971
0.5685 777.959
0.5695 777.947
0.5705 777.936
0.5715 777.924
0.5725 777.912
0.5735 777.901
0.5745 777.889
0.5755 777.878
0.5765 777.867
0.5775 777.855
0.5785 777.844
0.5795 777.833
0.5805 777.822
0.5815 777.811
0.5825 777.8
0.5835 777.789
0.5845 777.778
0.5855 777.767
0.5865 777.756
0.5875 777.745
0.5885 777.734
0.5895 777.724
0.5905 777.713
0.5915 777.702
0.5925 777.692
0.5935 777.681
0.5945 777.67
0.5955 777.66
0.5965 777.649
0.5975 777.639
0.5985 777.628
0.5995 777.618
0.6005 777.608
0.6015 777.597
0.6025 777.587
0.6035 777.577
0.6045 777.567
0.6055 777.556
0.6065 777.546
0.6075 777.536
0.6085 777.526
0.6095 777.516
0.6105 777.506
0.6115 777.496
0.6125 777.486
0.6135 777.476
0.6145 777.466
0.6155 777.456
0.6165 777.446
0.6175 777.436
0.6185 777.426
0.6195 777.416
0.6205 777.407
0.6215 777.397
0.6225 777.387
0.6235 777.377
0.6245 777.368
0.6255 777.358
0.6265 777.348
0.6275 777.339
0.6285 777.329
0.6295 777.32
0.6305 777.31
0.6315 777.3
0.6325 777.291
0.6335 777.281
0.6345 777.272
0.6355 777.262
0.6365 777.252
0.6375 777.243
0.6385 777.233
0.6395 777.224
0.6405 777.214
0.6415 777.205
0.6425 777.195
0.6435 777.186
0.6445 777.176
0.6455 777.167
0.6465 777.157
0.6475 777.147
0.6485 777.138
0.6495 777.128
0.6505 777.119
0.6515 777.109
0.6525 777.099
0.6535 777.09
0.6545 777.08
0.6555 777.07
0.6565 777.061
0.6575 777.051
0.6585 777.041
0.6595 777.032
0.6605 777.022
0.6615 777.012
0.6625 777.002
0.6635 776.992
0.6645 776.983
0.6655 776.973
0.6665 776.963
0.6675 776.953
0.6685 776.943
0.6695 776.933
0.6705 776.923
0.6715 776.913
0.6725 776.902
0.6735 776.892
0.6745 776.882
0.6755 776.872
0.6765 776.861
0.6775 776.851
0.6785 776.841
0.6795 776.83
0.6805 776.82
0.6815 776.809
0.6825 776.799
0.6835 776.788
0.6845 776.777
0.6855 776.766
0.6865 776.755
0.6875 776.745
0.6885 776.734
0.6895 776.723
0.6905 776.711
0.6915 776.7
0.6925 776.689
0.6935 776.678
0.6945 776.666
0.6955 776.655
0.6965 776.643
0.6975 776.631
0.6985 776.619
0.6995 776.608
0.7005 776.596
0.7015 776.583
0.7025 776.571
0.7035 776.559
0.7045 776.547
0.7055 776.534
0.7065 776.521
0.7075 776.509
0.7085 776.496
0.7095 776.483
0.7105 776.47
0.7115 776.456
0.7125 776.443
0.7135 776.429
0.7145 776.416
0.7155 776.402
0.7165 776.388
0.7175 776.374
0.7185 776.359
0.7195 776.345
0.7205 776.33
0.7215 776.315
0.7225 776.3
0.7235 776.285
0.7245 776.269
0.7255 776.253
0.7265 776.237
0.7275 776.221
0.7285 776.205
0.7295 776.188
0.7305 776.171
0.7315 776.154
0.7325 776.137
0.7335 776.119
0.7345 776.101
0.7355 776.083
0.7365 776.064
0.7375 776.045
0.7385 776.026
0.7395 776.007
0.7405 775.987
0.7415 775.966
0.7425 775.946
0.7435 775.925
0.7445 775.903
0.7455 775.881
0.7465 775.859
0.7475 775.836
0.7485 775.813
0.7495 775.789
0.7505 775.765
0.7515 775.74
0.7525 775.715
0.7535 775.689
0.7545 775.662
0.7555 775.635
0.7565 775.607
0.7575 775.578
0.7585 775.548
0.7595 775.518
0.7605 775.487
0.7615 775.455
0.7625 775.422
0.7635 775.389
0.7645 775.354
0.7655 775.318
0.7665 775.281
0.7675 775.243
0.7685 775.203
0.7695 775.163
0.7705 775.121
0.7715 775.077
0.7725 775.032
0.7735 774.985
0.7745 774.936
0.7755 774.885
0.7765 774.832
0.7775 774.777
0.7785 774.719
0.7795 774.658
0.7805 774.595
0.7815 774.529
0.7825 774.459
0.7835 774.385
0.7845 774.307
0.7855 774.225
0.7865 774.139
0.7875 774.047
0.7885 773.95
0.7895 773.848
0.7905 773.74
0.7915 773.628
0.7925 773.51
0.7935 773.389
0.7945 773.266
0.7955 773.142
0.7965 773.022
0.7975 772.908
0.7985 772.807
0.7995 772.724
0.8005 772.67
0.8015 772.653
0.8025 772.689
0.8035 772.791
0.8045 772.98
0.8055 773.278
0.8065 773.711
0.8075 774.31
0.8085 775.112
0.8095 776.159
0.8105 777.501
0.8115 779.198
0.8125 781.318
0.8135 783.945
0.8145 787.18
0.8155 791.143
0.8165 795.985
0.8175 801.896
0.8185 809.113
0.8195 817.949
0.8205 828.812
0.8215 842.252
0.8225 859.02
0.8235 880.167
0.8245 907.199
0.8255 942.379
0.8265 989.305
0.8275 1054.08
0.8285 1147.8
0.8295 1293.67
0.8305 1544.88
0.8315 2073.79
0.8325 4009.67
0.8335 7664.99
0.8345 6733.44
0.8355 6302.28
0.8365 5925.77
0.8375 5595.77
0.8385 5307.56
0.8395 5053.66
0.8405 4828.76
0.8415 4628.74
0.8425 4450.22
0.8435 4290.33
0.8445 4146.63
0.8455 4017.03
0.8465 3899.76
0.8475 3793.33
0.8485 3696.45
0.8495 3608.03
0.8505 3527.11
0.8515 3452.91
0.8525 3384.7
0.8535 3321.9
0.8545 3263.96
0.8555 3210.43
0.8565 3160.9
0.8575 3115
0.8585 3072.41
0.8595 3032.86
0.8605 2996.06
0.8615 2961.8
0.8625 2929.85
0.8635 2900.02
0.8645 2872.11
0.8655 2845.95
0.8665 2821.35
0.8675 2798.14
0.8685 2776.13
0.8695 2755.11
0.8705 2734.85
0.8715 2715.07
0.8725 2695.42
0.8735 2675.42
0.8745 2654.42
0.8755 2631.49
0.8765 2605.16
0.8775 2573.06
0.8785 2531.07
0.8795 2471.32
0.8805 2375.61
0.8815 2193.24
0.8825 1777.78
0.8835 1416.85
0.8845 1094.65
0.8855 1003.22
0.8865 1000.04
0.8875 1000
0.8885 1000
0.8895 1000
0.8905 1000
0.8915 1000
0.8925 1000
0.8935 1000
0.8945 1000
0.8955 1000
0.8965 1000
0.8975 1000
0.8985 1000
0.8995 1000
0.9005 1000
0.9015 1000
0.9025 1000
0.9035 1000
0.9045 1000
0.9055 1000
0.9065 1000
0.9075 1000
0.9085 1000
0.9095 1000
0.9105 1000
0.9115 1000
0.9125 1000
0.9135 1000
0.9145 1000
0.9155 1000
0.9165 1000
0.9175 1000
0.9185 1000
0.9195 1000
0.9205 1000
0.9215 1000
0.9225 1000
0.9235 1000
0.9245 1000
0.9255 1000
0.9265 1000
0.9275 1000
0.9285 1000
0.9295 1000
0.9305 1000
0.9315 1000
0.9325 1000
0.9335 1000
0.9345 1000
0.9355 1000
0.9365 1000
0.9375 1000
0.9385 1000
0.9395 1000
0.9405 1000
0.9415 1000
0.9425 1000
0.9435 1000
0.9445 1000
0.9455 1000
0.9465 1000
0.9475 1000
0.9485 1000
0.9495 1000
0.9505 1000
0.9515 1000
0.9525 1000
0.9535 1000
0.9545 1000
0.9555 1000
0.9565 1000
0.9575 1000
0.9585 1000
0.9595 1000
0.9605 1000
0.9615 1000
0.9625 1000
0.9635 1000
0.9645 1000
0.9655 1000
0.9665 1000
0.9675 1000
0.9685 1000
0.9695 1000
0.9705 1000
0.9715 1000
0.9725 1000
0.9735 1000
0.9745 1000
0.9755 1000
0.9765 1000
0.9775 1000
0.9785 1000
0.9795 1000
0.9805 1000
0.9815 1000
0.9825 1000
0.9835 1000
0.9845 1000
0.9855 1000
0.9865 1000
0.9875 1000
0.9885 1000
0.9895 1000
0.9905 1000
0.9915 1000
0.9925 1000
0.9935 1000
0.9945 1000
0.9955 1000
0.9965 1000
0.9975 1000
0.9985 1000
0.9995 1000
