0.4 0
1.2 0
2 0
2.8 0
3.6 0
4.4 0
5.2 0
6 0
6.8 0
7.6 0
8.4 0
9.2 0
10 0
10.8 0
11.6 0
12.4 0
13.2 0
14 0
14.8 0
15.6 0
16.4 0
17.2 0
18 0
18.8 0
19.6 0
20.4 0
21.2 0
22 0
22.8 0
23.6 0
24.4 0
25.2 0
26 0
26.8 0
27.6 0
28.4 0
29.2 0
30 0
30.8 0
31.6 0
32.4 0
33.2 0
34 0
34.8 0
35.6 0
36.4 0
37.2 0
38 0
38.8 0
39.6 0
40.4 0
41.2 0
42 0
42.8 0
43.6 0
44.4 0
45.2 0
46 0
46.8 0
47.6 0
48.4 0
49.2 0
50 0
50.8 0
51.6 0
52.4 0
53.2 0
54 0
54.8 0
55.6 0
56.4 0
57.2 0
58 0
58.8 0
59.6 0
60.4 0
61.2 0
62 0
62.8 0
63.6 0
64.4 0
65.2 0
66 0
66.8 0
67.6 0
68.4 0
69.2 0
70 0
70.8 0
71.6 0
72.4 0
73.2 0
74 0
74.8 0
75.6 0
76.4 0
77.2 0
78 0
78.8 0
79.6 0
80.4 0
81.2 0
82 0
82.8 0
83.6 0
84.4 0
85.2 0
86 0
86.8 0
87.6 0
88.4 0
89.2 0
90 0
90.8 0
91.6 0
92.4 0
93.2 0
94 0
94.8 0
95.6 0
96.4 0
97.2 0
98 0
98.8 0
99.6 0
100.4 0
101.2 0
102 0
102.8 0
103.6 0
104.4 0
105.2 0
106 0
106.8 0
107.6 0
108.4 0
109.2 0
110 0
110.8 0
111.6 0
112.4 0
113.2 0
114 0
114.8 0
115.6 0
116.4 0
117.2 0
118 0
118.8 0
119.6 0
120.4 0
121.2 0
122 0
122.8 0
123.6 0
124.4 0
125.2 0
126 0
126.8 0
127.6 0
128.4 0
129.2 0
130 0
130.8 0
131.6 0
132.4 0
133.2 0
134 0
134.8 0
135.6 0
136.4 0
137.2 0
138 0
138.8 0
139.6 0
140.4 0
141.2 0
142 0
142.8 0
143.6 0
144.4 0
145.2 0
146 0
146.8 0
147.6 0
148.4 0
149.2 0
150 0
150.8 0
151.6 0
152.4 0
153.2 0
154 0
154.8 0
155.6 0
156.4 0
157.2 0
158 0
158.8 0
159.6 0
160.4 0
161.2 0
162 0
162.8 0
163.6 0
164.4 0
165.2 0
166 0
166.8 0
167.6 0
168.4 0
169.2 0
170 0
170.8 0
171.6 0
172.4 0
173.2 0
174 0
174.8 0
175.6 0
176.4 0
177.2 0
178 0
178.8 0
179.6 0
180.4 0
181.2 0
182 0
182.8 0
183.6 0
184.4 0
185.2 0
186 0
186.8 0
187.6 0
188.4 0
189.2 0
190 0
190.8 0
191.6 0
192.4 0
193.2 1.34841e-16
194 5.39365e-16
194.8 1.25852e-15
195.6 2.78672e-15
196.4 5.93301e-15
197.2 1.15065e-14
198 2.21589e-14
198.8 4.13513e-14
199.6 7.80281e-14
200.4 1.45629e-13
201.2 2.69188e-13
202 4.94463e-13
202.8 9.01773e-13
203.6 1.63396e-12
204.4 2.94165e-12
205.2 5.26213e-12
206 9.35263e-12
206.8 1.6516e-11
207.6 2.89799e-11
208.4 5.05232e-11
209.2 8.75158e-11
210 1.5062e-10
210.8 2.57554e-10
211.6 4.37559e-10
212.4 7.38555e-10
213.2 1.23851e-09
214 2.06336e-09
214.8 3.41511e-09
215.6 5.61536e-09
216.4 9.17246e-09
217.2 1.48839e-08
218 2.39919e-08
218.8 3.84161e-08
219.6 6.11016e-08
220.4 9.65318e-08
221.2 1.51479e-07
222 2.36095e-07
222.8 3.65474e-07
223.6 5.61884e-07
224.4 8.57908e-07
225.2 1.30083e-06
226 1.95871e-06
226.8 2.92865e-06
227.6 4.34803e-06
228.4 6.4095e-06
229.2 9.38077e-06
230 1.36305e-05
230.8 1.96617e-05
231.6 2.81537e-05
232.4 4.00157e-05
233.2 5.64513e-05
234 7.90382e-05
234.8 0.000109821
235.6 0.000151423
236.4 0.000207165
237.2 0.000281207
238 0.000378693
238.8 0.000505901
239.6 0.000670386
240.4 0.000881116
241.2 0.00114858
242 0.00148482
242.8 0.00190351
243.6 0.00241981
244.4 0.00305026
245.2 0.00381256
246 0.00472519
246.8 0.00580703
247.6 0.00707686
248.4 0.00855279
249.2 0.0102517
250 0.0121887
250.8 0.0143765
251.6 0.0168251
252.4 0.0195415
253.2 0.0225292
254 0.0257884
254.8 0.0293163
255.6 0.0331066
256.4 0.0371506
257.2 0.041437
258 0.045953
258.8 0.0506841
259.6 0.0556152
260.4 0.0607306
261.2 0.0660146
262 0.0714521
262.8 0.0770284
263.6 0.0827299
264.4 0.0885439
265.2 0.094459
266 0.100465
266.8 0.106554
267.6 0.112717
268.4 0.11895
269.2 0.125247
270 0.131606
270.8 0.138027
271.6 0.144502
272.4 0.151008
273.2 0.157533
274 0.164077
274.8 0.170636
275.6 0.177208
276.4 0.183789
277.2 0.190378
278 0.196972
278.8 0.203569
279.6 0.210169
280.4 0.216769
281.2 0.223368
282 0.229966
282.8 0.23656
283.6 0.243151
284.4 0.249738
285.2 0.256319
286 0.262894
286.8 0.269463
287.6 0.276025
288.4 0.282578
289.2 0.289123
290 0.295659
290.8 0.302185
291.6 0.308701
292.4 0.315205
293.2 0.321697
294 0.328177
294.8 0.334642
295.6 0.341093
296.4 0.347527
297.2 0.353944
298 0.360342
298.8 0.366718
299.6 0.373071
300.4 0.379397
301.2 0.385693
302 0.391954
302.8 0.398174
303.6 0.404345
304.4 0.41046
305.2 0.416508
306 0.422475
306.8 0.428345
307.6 0.434099
308.4 0.439718
309.2 0.445175
310 0.450444
310.8 0.455496
311.6 0.460302
312.4 0.464831
313.2 0.469055
314 0.47295
314.8 0.476496
315.6 0.47968
316.4 0.482497
317.2 0.48495
318 0.487051
318.8 0.48882
319.6 0.490283
320.4 0.491471
321.2 0.49242
322 0.493165
322.8 0.49374
323.6 0.494178
324.4 0.49451
325.2 0.494761
326 0.494953
326.8 0.495104
327.6 0.495226
328.4 0.495332
329.2 0.495428
330 0.49552
330.8 0.495609
331.6 0.495699
332.4 0.49579
333.2 0.495881
334 0.495976
334.8 0.496076
335.6 0.496183
336.4 0.496297
337.2 0.496421
338 0.496539
338.8 0.496638
339.6 0.496721
340.4 0.496789
341.2 0.496847
342 0.496898
342.8 0.496943
343.6 0.496985
344.4 0.497026
345.2 0.497067
346 0.497107
346.8 0.497148
347.6 0.49719
348.4 0.497234
349.2 0.497274
350 0.497307
350.8 0.497332
351.6 0.497349
352.4 0.497359
353.2 0.497362
354 0.497363
354.8 0.497361
355.6 0.497357
356.4 0.497351
357.2 0.49734
358 0.497325
358.8 0.497306
359.6 0.497289
360.4 0.497279
361.2 0.497274
362 0.497272
362.8 0.497273
363.6 0.497276
364.4 0.497282
365.2 0.497291
366 0.497306
366.8 0.497325
367.6 0.497349
368.4 0.497379
369.2 0.497413
370 0.497449
370.8 0.497479
371.6 0.497501
372.4 0.497517
373.2 0.497527
374 0.497532
374.8 0.497533
375.6 0.497532
376.4 0.497527
377.2 0.49752
378 0.497509
378.8 0.497495
379.6 0.497481
380.4 0.497469
381.2 0.49746
382 0.497454
382.8 0.497448
383.6 0.497445
384.4 0.497442
385.2 0.497436
386 0.497424
386.8 0.497399
387.6 0.497349
388.4 0.497263
389.2 0.497125
390 0.496915
390.8 0.496607
391.6 0.496166
392.4 0.495543
393.2 0.494674
394 0.493473
394.8 0.491831
395.6 0.48962
396.4 0.486695
397.2 0.482919
398 0.478191
398.8 0.472499
399.6 0.46598
400.4 0.459068
401.2 0.451329
402 0.443496
402.8 0.436384
403.6 0.430289
404.4 0.430285
405.2 0.436516
406 0.442959
406.8 0.447883
407.6 0.452111
408.4 0.457135
409.2 0.463164
410 0.469455
410.8 0.475494
411.6 0.481146
412.4 0.486511
413.2 0.491559
414 0.496231
414.8 0.500493
415.6 0.504319
416.4 0.50769
417.2 0.510603
418 0.513086
418.8 0.515189
419.6 0.516948
420.4 0.518371
421.2 0.51948
422 0.520369
422.8 0.521106
423.6 0.521578
424.4 0.521785
425.2 0.521848
426 0.521873
426.8 0.521852
427.6 0.521723
428.4 0.521465
429.2 0.521136
430 0.52081
430.8 0.520563
431.6 0.520429
432.4 0.520398
433.2 0.520432
434 0.520502
434.8 0.520591
435.6 0.520691
436.4 0.52079
437.2 0.520876
438 0.520941
438.8 0.520986
439.6 0.521015
440.4 0.52104
441.2 0.521077
442 0.521128
442.8 0.52119
443.6 0.521248
444.4 0.521305
445.2 0.521364
446 0.521424
446.8 0.521485
447.6 0.521548
448.4 0.521613
449.2 0.521683
450 0.521754
450.8 0.521825
451.6 0.521895
452.4 0.521965
453.2 0.522037
454 0.522115
454.8 0.522199
455.6 0.522289
456.4 0.522393
457.2 0.522473
458 0.522539
458.8 0.522618
459.6 0.52272
460.4 0.522836
461.2 0.522951
462 0.523063
462.8 0.523177
463.6 0.523304
464.4 0.523454
465.2 0.523611
466 0.523783
466.8 0.523965
467.6 0.524162
468.4 0.524375
469.2 0.524613
470 0.52488
470.8 0.52517
471.6 0.525483
472.4 0.525824
473.2 0.526211
474 0.526658
474.8 0.52718
475.6 0.527554
476.4 0.527751
477.2 0.527832
478 0.527833
478.8 0.527748
479.6 0.527489
480.4 0.526918
481.2 0.525839
482 0.523992
482.8 0.520948
483.6 0.515846
484.4 0.507536
485.2 0.494845
486 0.474718
486.8 0.436889
487.6 0.384774
488.4 0.342389
489.2 0.316832
490 0.302621
490.8 0.295977
491.6 0.292894
492.4 0.291446
493.2 0.29083
494 0.290538
494.8 0.290391
495.6 0.290352
496.4 0.290367
497.2 0.290386
498 0.290397
498.8 0.290399
499.6 0.290397
500.4 0.290401
501.2 0.290413
502 0.290422
502.8 0.290429
503.6 0.290434
504.4 0.290438
505.2 0.290442
506 0.290448
506.8 0.29046
507.6 0.290478
508.4 0.290493
509.2 0.290506
510 0.290518
510.8 0.290532
511.6 0.290549
512.4 0.290571
513.2 0.290585
514 0.290591
514.8 0.290594
515.6 0.290596
516.4 0.290599
517.2 0.290606
518 0.29062
518.8 0.290637
519.6 0.290653
520.4 0.29067
521.2 0.290688
522 0.290707
522.8 0.290727
523.6 0.290744
524.4 0.290757
525.2 0.290769
526 0.29078
526.8 0.290791
527.6 0.290801
528.4 0.290807
529.2 0.29081
530 0.29081
530.8 0.290809
531.6 0.290809
532.4 0.290812
533.2 0.29082
534 0.290829
534.8 0.290838
535.6 0.290846
536.4 0.290855
537.2 0.290863
538 0.290871
538.8 0.290882
539.6 0.290895
540.4 0.290912
541.2 0.290933
542 0.290956
542.8 0.290983
543.6 0.291014
544.4 0.291053
545.2 0.291091
546 0.291122
546.8 0.29115
547.6 0.291175
548.4 0.291199
549.2 0.291222
550 0.291243
550.8 0.291263
551.6 0.291282
552.4 0.291299
553.2 0.291317
554 0.291334
554.8 0.291353
555.6 0.291373
556.4 0.291396
557.2 0.29142
558 0.291445
558.8 0.291467
559.6 0.291486
560.4 0.291502
561.2 0.291516
562 0.291529
562.8 0.291544
563.6 0.291561
564.4 0.291582
565.2 0.291607
566 0.291634
566.8 0.291664
567.6 0.291695
568.4 0.291729
569.2 0.291765
570 0.291803
570.8 0.291839
571.6 0.291871
572.4 0.291901
573.2 0.291931
574 0.29196
574.8 0.291988
575.6 0.292015
576.4 0.292043
577.2 0.292072
578 0.292106
578.8 0.292145
579.6 0.292188
580.4 0.292235
581.2 0.292283
582 0.292329
582.8 0.292374
583.6 0.292417
584.4 0.292458
585.2 0.292497
586 0.292534
586.8 0.292572
587.6 0.292612
588.4 0.292657
589.2 0.292705
590 0.292755
590.8 0.292807
591.6 0.292863
592.4 0.292919
593.2 0.292972
594 0.293021
594.8 0.293065
595.6 0.293106
596.4 0.293145
597.2 0.293184
598 0.293223
598.8 0.293263
599.6 0.293302
600.4 0.293342
601.2 0.293384
602 0.293433
602.8 0.293492
603.6 0.293559
604.4 0.293634
605.2 0.293701
606 0.293756
606.8 0.293801
607.6 0.293838
608.4 0.29387
609.2 0.293895
610 0.293916
610.8 0.293932
611.6 0.293948
612.4 0.293965
613.2 0.293984
614 0.294005
614.8 0.294024
615.6 0.294042
616.4 0.294062
617.2 0.294084
618 0.294103
618.8 0.294121
619.6 0.294134
620.4 0.294145
621.2 0.294153
622 0.294161
622.8 0.294173
623.6 0.294191
624.4 0.294212
625.2 0.294237
626 0.294268
626.8 0.29431
627.6 0.294365
628.4 0.294425
629.2 0.294473
630 0.294507
630.8 0.29453
631.6 0.294547
632.4 0.294567
633.2 0.294591
634 0.294617
634.8 0.294644
635.6 0.294669
636.4 0.294701
637.2 0.294747
638 0.294809
638.8 0.294883
639.6 0.294964
640.4 0.295033
641.2 0.295091
642 0.295146
642.8 0.295198
643.6 0.295244
644.4 0.29528
645.2 0.295308
646 0.295331
646.8 0.295361
647.6 0.295408
648.4 0.295469
649.2 0.295536
650 0.295599
650.8 0.295652
651.6 0.295698
652.4 0.295745
653.2 0.295796
654 0.295849
654.8 0.295899
655.6 0.295948
656.4 0.29601
657.2 0.296099
658 0.296212
658.8 0.296339
659.6 0.29647
660.4 0.296608
661.2 0.296775
662 0.296992
662.8 0.297242
663.6 0.297479
664.4 0.297685
665.2 0.297862
666 0.29802
666.8 0.29818
667.6 0.298349
668.4 0.298527
669.2 0.298699
670 0.298867
670.8 0.299048
671.6 0.299277
672.4 0.299558
673.2 0.299875
674 0.300189
674.8 0.300491
675.6 0.300809
676.4 0.301151
677.2 0.301493
678 0.301823
678.8 0.302128
679.6 0.3024
680.4 0.302643
681.2 0.302888
682 0.30317
682.8 0.303485
683.6 0.303811
684.4 0.304107
685.2 0.304391
686 0.304734
686.8 0.305176
687.6 0.305667
688.4 0.306139
689.2 0.30658
690 0.307002
690.8 0.307481
691.6 0.308039
692.4 0.308654
693.2 0.309365
694 0.310059
694.8 0.310863
695.6 0.311214
696.4 0.311259
697.2 0.310788
698 0.308406
698.8 0.301742
699.6 0.283559
700.4 0.243685
701.2 0.158523
702 0.0676511
702.8 0.0244728
703.6 0.00825481
704.4 0.00270884
705.2 0.000877199
706 0.000280879
706.8 8.83812e-05
707.6 2.68419e-05
708.4 7.50354e-06
709.2 1.63257e-06
710 -1.03914e-08
710.8 -3.79953e-07
711.6 -4.0847e-07
712.4 -3.1875e-07
713.2 -1.81862e-07
714 -1.09858e-07
714.8 -7.03363e-08
715.6 -4.64979e-08
716.4 -3.12451e-08
717.2 -2.11853e-08
718 -1.44221e-08
718.8 -9.85343e-09
719.6 -6.73414e-09
720.4 -4.61806e-09
721.2 -3.15961e-09
722 -2.17457e-09
722.8 -1.48617e-09
723.6 -1.02858e-09
724.4 -6.99502e-10
725.2 -4.89618e-10
726 -3.28371e-10
726.8 -2.3609e-10
727.6 -1.54048e-10
728.4 -1.21521e-10
729.2 -7.51922e-11
730 -6.83628e-11
730.8 -2.54213e-11
731.6 -4.02436e-11
732.4 8.81653e-12
733.2 -3.81656e-11
734 3.56954e-11
734.8 -5.62194e-11
735.6 7.033e-11
736.4 -9.62156e-11
737.2 1.27095e-10
738 -1.70098e-10
738.8 2.26559e-10
739.6 -3.02284e-10
740.4 4.0307e-10
741.2 -5.37579e-10
742 7.16915e-10
742.8 -9.56112e-10
743.6 1.27509e-09
744.4 -1.70051e-09
745.2 2.26785e-09
746 -3.02448e-09
746.8 4.03354e-09
747.6 -5.37926e-09
748.4 7.17394e-09
749.2 -9.5674e-09
750 1.27594e-08
750.8 -1.70163e-08
751.6 2.26935e-08
752.4 -3.02648e-08
753.2 4.03621e-08
754 -5.38281e-08
754.8 7.17869e-08
755.6 -9.57373e-08
756.4 1.27678e-07
757.2 -1.70276e-07
758 2.27085e-07
758.8 -3.02848e-07
759.6 4.03888e-07
760.4 -5.38637e-07
761.2 7.18344e-07
762 -9.58006e-07
762.8 1.27763e-06
763.6 -1.70388e-06
764.4 2.27235e-06
765.2 -3.03048e-06
766 4.04155e-06
766.8 -5.38993e-06
767.6 7.1882e-06
768.4 -9.58637e-06
769.2 1.27848e-05
770 -1.705e-05
770.8 2.27387e-05
771.6 -3.03246e-05
772.4 4.04426e-05
773.2 -5.39343e-05
774 7.19307e-05
774.8 -9.59251e-05
775.6 0.000127936
776.4 -0.000170607
777.2 0.000227549
778 -0.000303426
778.8 0.00040473
779.6 -0.000539633
780.4 0.000719896
781.2 -0.000959671
782 0.00128055
782.8 -0.00170649
783.6 0.00227803
784.4 -0.00303387
785.2 0.0040528
786 -0.00539129
786.8 0.00721004
787.6 -0.00957229
788.4 0.0128236
789.2 -0.0170168
790 0.0229609
790.8 -0.0324365
791.6 0.0838072
792.4 1.61204
793.2 0
794 0
794.8 0
795.6 0
796.4 0
797.2 0
798 0
798.8 0
799.6 0
