0.0005 1
0.0015 1
0.0025 1
0.0035 1
0.0045 1
0.0055 1
0.0065 1
0.0075 1
0.0085 1
0.0095 1
0.0105 1
0.0115 1
0.0125 1
0.0135 1
0.0145 1
0.0155 1
0.0165 1
0.0175 1
0.0185 1
0.0195 1
0.0205 1
0.0215 1
0.0225 1
0.0235 1
0.0245 1
0.0255 1
0.0265 1
0.0275 1
0.0285 1
0.0295 1
0.0305 1
0.0315 1
0.0325 1
0.0335 1
0.0345 1
0.0355 1
0.0365 1
0.0375 1
0.0385 1
0.0395 1
0.0405 1
0.0415 1
0.0425 1
0.0435 1
0.0445 1
0.0455 1
0.0465 1
0.0475 1
0.0485 1
0.0495 1
0.0505 1
0.0515 1
0.0525 1
0.0535 1
0.0545 1
0.0555 1
0.0565 1
0.0575 1
0.0585 1
0.0595 1
0.0605 1
0.0615 1
0.0625 1
0.0635 1
0.0645 1
0.0655 1
0.0665 1
0.0675 1
0.0685 1
0.0695 1
0.0705 1
0.0715 1
0.0725 1
0.0735 1
0.0745 1
0.0755 1
0.0765 1
0.0775 1
0.0785 1
0.0795 1
0.0805 1
0.0815 1
0.0825 1
0.0835 1
0.0845 1
0.0855 1
0.0865 1
0.0875 1
0.0885 1
0.0895 1
0.0905 1
0.0915 1
0.0925 1
0.0935 1
0.0945 1
0.0955 1
0.0965 1
0.0975 1
0.0985 1
0.0995 1
0.1005 1
0.1015 1
0.1025 1
0.1035 1
0.1045 1
0.1055 1
0.1065 1
0.1075 1
0.1085 1
0.1095 1
0.1105 1
0.1115 1
0.1125 1
0.1135 1
0.1145 1
0.1155 1
0.1165 1
0.1175 1
0.1185 1
0.1195 1
0.1205 1
0.1215 1
0.1225 1
0.1235 1
0.1245 1
0.1255 1
0.1265 1
0.1275 1
0.1285 1
0.1295 1
0.1305 1
0.1315 1
0.1325 1
0.1335 1
0.1345 1
0.1355 1
0.1365 1
0.1375 1
0.1385 1
0.1395 1
0.1405 1
0.1415 1
0.1425 1
0.1435 1
0.1445 1
0.1455 0.999999
0.1465 0.999999
0.1475 0.999999
0.1485 0.999999
0.1495 0.999998
0.1505 0.999997
0.1515 0.999996
0.1525 0.999995
0.1535 0.999993
0.1545 0.99999
0.1555 0.999987
0.1565 0.999983
0.1575 0.999977
0.1585 0.99997
0.1595 0.99996
0.1605 0.999948
0.1615 0.999933
0.1625 0.999913
0.1635 0.999889
0.1645 0.999858
0.1655 0.999821
0.1665 0.999774
0.1675 0.999717
0.1685 0.999648
0.1695 0.999564
0.1705 0.999463
0.1715 0.999343
0.1725 0.9992
0.1735 0.999031
0.1745 0.998833
0.1755 0.998603
0.1765 0.998336
0.1775 0.998029
0.1785 0.997677
0.1795 0.997277
0.1805 0.996824
0.1815 0.996315
0.1825 0.995745
0.1835 0.995111
0.1845 0.994409
0.1855 0.993637
0.1865 0.99279
0.1875 0.991867
0.1885 0.990865
0.1895 0.989782
0.1905 0.988618
0.1915 0.987371
0.1925 0.986041
0.1935 0.984628
0.1945 0.983131
0.1955 0.981552
0.1965 0.979892
0.1975 0.978152
0.1985 0.976333
0.1995 0.974439
0.2005 0.97247
0.2015 0.970428
0.2025 0.968318
0.2035 0.96614
0.2045 0.963899
0.2055 0.961595
0.2065 0.959233
0.2075 0.956815
0.2085 0.954344
0.2095 0.951822
0.2105 0.949252
0.2115 0.946638
0.2125 0.94398
0.2135 0.941283
0.2145 0.938548
0.2155 0.935778
0.2165 0.932974
0.2175 0.93014
0.2185 0.927278
0.2195 0.924388
0.2205 0.921474
0.2215 0.918537
0.2225 0.915578
0.2235 0.9126
0.2245 0.909604
0.2255 0.906592
0.2265 0.903564
0.2275 0.900523
0.2285 0.897469
0.2295 0.894403
0.2305 0.891328
0.2315 0.888243
0.2325 0.88515
0.2335 0.88205
0.2345 0.878944
0.2355 0.875832
0.2365 0.872716
0.2375 0.869595
0.2385 0.866472
0.2395 0.863346
0.2405 0.860218
0.2415 0.857089
0.2425 0.85396
0.2435 0.85083
0.2445 0.847701
0.2455 0.844572
0.2465 0.841445
0.2475 0.838319
0.2485 0.835196
0.2495 0.832075
0.2505 0.828956
0.2515 0.825841
0.2525 0.82273
0.2535 0.819622
0.2545 0.816519
0.2555 0.813419
0.2565 0.810325
0.2575 0.807235
0.2585 0.80415
0.2595 0.801071
0.2605 0.797997
0.2615 0.794928
0.2625 0.791866
0.2635 0.788809
0.2645 0.785759
0.2655 0.782715
0.2665 0.779678
0.2675 0.776647
0.2685 0.773623
0.2695 0.770606
0.2705 0.767595
0.2715 0.764592
0.2725 0.761596
0.2735 0.758608
0.2745 0.755626
0.2755 0.752653
0.2765 0.749686
0.2775 0.746728
0.2785 0.743777
0.2795 0.740833
0.2805 0.737898
0.2815 0.73497
0.2825 0.732051
0.2835 0.729139
0.2845 0.726236
0.2855 0.72334
0.2865 0.720453
0.2875 0.717574
0.2885 0.714703
0.2895 0.71184
0.2905 0.708986
0.2915 0.70614
0.2925 0.703302
0.2935 0.700473
0.2945 0.697652
0.2955 0.694839
0.2965 0.692035
0.2975 0.689239
0.2985 0.686452
0.2995 0.683673
0.3005 0.680903
0.3015 0.678141
0.3025 0.675388
0.3035 0.672643
0.3045 0.669907
0.3055 0.66718
0.3065 0.664461
0.3075 0.66175
0.3085 0.659048
0.3095 0.656355
0.3105 0.65367
0.3115 0.650994
0.3125 0.648327
0.3135 0.645668
0.3145 0.643017
0.3155 0.640375
0.3165 0.637742
0.3175 0.635117
0.3185 0.632501
0.3195 0.629894
0.3205 0.627295
0.3215 0.624704
0.3225 0.622122
0.3235 0.619549
0.3245 0.616984
0.3255 0.614428
0.3265 0.61188
0.3275 0.60934
0.3285 0.60681
0.3295 0.604287
0.3305 0.601773
0.3315 0.599268
0.3325 0.596771
0.3335 0.594282
0.3345 0.591802
0.3355 0.589331
0.3365 0.586867
0.3375 0.584412
0.3385 0.581966
0.3395 0.579528
0.3405 0.577098
0.3415 0.574676
0.3425 0.572263
0.3435 0.569858
0.3445 0.567462
0.3455 0.565073
0.3465 0.562693
0.3475 0.560322
0.3485 0.557958
0.3495 0.555603
0.3505 0.553256
0.3515 0.550917
0.3525 0.548586
0.3535 0.546263
0.3545 0.543949
0.3555 0.541642
0.3565 0.539344
0.3575 0.537054
0.3585 0.534772
0.3595 0.532498
0.3605 0.530232
0.3615 0.527974
0.3625 0.525724
0.3635 0.523482
0.3645 0.521248
0.3655 0.519022
0.3665 0.516803
0.3675 0.514593
0.3685 0.512391
0.3695 0.510196
0.3705 0.508009
0.3715 0.505831
0.3725 0.50366
0.3735 0.501496
0.3745 0.499341
0.3755 0.497193
0.3765 0.495053
0.3775 0.492921
0.3785 0.490797
0.3795 0.48868
0.3805 0.486571
0.3815 0.484469
0.3825 0.482376
0.3835 0.480289
0.3845 0.478211
0.3855 0.47614
0.3865 0.474076
0.3875 0.472021
0.3885 0.469972
0.3895 0.467931
0.3905 0.465898
0.3915 0.463872
0.3925 0.461854
0.3935 0.459843
0.3945 0.457839
0.3955 0.455843
0.3965 0.453854
0.3975 0.451873
0.3985 0.449899
0.3995 0.447932
0.4005 0.445972
0.4015 0.44402
0.4025 0.442075
0.4035 0.440138
0.4045 0.438207
0.4055 0.436284
0.4065 0.434368
0.4075 0.43246
0.4085 0.430558
0.4095 0.428664
0.4105 0.426777
0.4115 0.424896
0.4125 0.423023
0.4135 0.421157
0.4145 0.419299
0.4155 0.417447
0.4165 0.415602
0.4175 0.413764
0.4185 0.411934
0.4195 0.41011
0.4205 0.408293
0.4215 0.406484
0.4225 0.404681
0.4235 0.402885
0.4245 0.401096
0.4255 0.399314
0.4265 0.397539
0.4275 0.395771
0.4285 0.39401
0.4295 0.392256
0.4305 0.390508
0.4315 0.388768
0.4325 0.387034
0.4335 0.385307
0.4345 0.383587
0.4355 0.381874
0.4365 0.380167
0.4375 0.378468
0.4385 0.376775
0.4395 0.375089
0.4405 0.37341
0.4415 0.371738
0.4425 0.370072
0.4435 0.368414
0.4445 0.366762
0.4455 0.365117
0.4465 0.363479
0.4475 0.361848
0.4485 0.360224
0.4495 0.358607
0.4505 0.356996
0.4515 0.355393
0.4525 0.353797
0.4535 0.352207
0.4545 0.350625
0.4555 0.34905
0.4565 0.347483
0.4575 0.345922
0.4585 0.344369
0.4595 0.342824
0.4605 0.341286
0.4615 0.339756
0.4625 0.338234
0.4635 0.33672
0.4645 0.335214
0.4655 0.333717
0.4665 0.332228
0.4675 0.330749
0.4685 0.32928
0.4695 0.32782
0.4705 0.326371
0.4715 0.324933
0.4725 0.323507
0.4735 0.322094
0.4745 0.320696
0.4755 0.319312
0.4765 0.317946
0.4775 0.316599
0.4785 0.315274
0.4795 0.313974
0.4805 0.312703
0.4815 0.311466
0.4825 0.310269
0.4835 0.30912
0.4845 0.308028
0.4855 0.307004
0.4865 0.306062
0.4875 0.305217
0.4885 0.304484
0.4895 0.303876
0.4905 0.303403
0.4915 0.303066
0.4925 0.302854
0.4935 0.302747
0.4945 0.302716
0.4955 0.302732
0.4965 0.30277
0.4975 0.302813
0.4985 0.302854
0.4995 0.30289
0.5005 0.302921
0.5015 0.302947
0.5025 0.302969
0.5035 0.302988
0.5045 0.303004
0.5055 0.303018
0.5065 0.30303
0.5075 0.30304
0.5085 0.30305
0.5095 0.303058
0.5105 0.303064
0.5115 0.303071
0.5125 0.303076
0.5135 0.303081
0.5145 0.303085
0.5155 0.303089
0.5165 0.303092
0.5175 0.303095
0.5185 0.303098
0.5195 0.3031
0.5205 0.303102
0.5215 0.303104
0.5225 0.303106
0.5235 0.303108
0.5245 0.303109
0.5255 0.30311
0.5265 0.303112
0.5275 0.303113
0.5285 0.303114
0.5295 0.303115
0.5305 0.303116
0.5315 0.303116
0.5325 0.303117
0.5335 0.303118
0.5345 0.303118
0.5355 0.303119
0.5365 0.30312
0.5375 0.30312
0.5385 0.303121
0.5395 0.303121
0.5405 0.303122
0.5415 0.303122
0.5425 0.303122
0.5435 0.303123
0.5445 0.303123
0.5455 0.303124
0.5465 0.303124
0.5475 0.303124
0.5485 0.303125
0.5495 0.303125
0.5505 0.303125
0.5515 0.303125
0.5525 0.303126
0.5535 0.303126
0.5545 0.303126
0.5555 0.303126
0.5565 0.303127
0.5575 0.303127
0.5585 0.303127
0.5595 0.303127
0.5605 0.303127
0.5615 0.303128
0.5625 0.303128
0.5635 0.303128
0.5645 0.303128
0.5655 0.303128
0.5665 0.303128
0.5675 0.303129
0.5685 0.303129
0.5695 0.303129
0.5705 0.303129
0.5715 0.303129
0.5725 0.303129
0.5735 0.303129
0.5745 0.303129
0.5755 0.30313
0.5765 0.30313
0.5775 0.30313
0.5785 0.30313
0.5795 0.30313
0.5805 0.30313
0.5815 0.30313
0.5825 0.30313
0.5835 0.30313
0.5845 0.303131
0.5855 0.303131
0.5865 0.303131
0.5875 0.303131
0.5885 0.303131
0.5895 0.303131
0.5905 0.303131
0.5915 0.303131
0.5925 0.303131
0.5935 0.303131
0.5945 0.303131
0.5955 0.303131
0.5965 0.303132
0.5975 0.303132
0.5985 0.303132
0.5995 0.303132
0.6005 0.303132
0.6015 0.303132
0.6025 0.303132
0.6035 0.303132
0.6045 0.303132
0.6055 0.303132
0.6065 0.303132
0.6075 0.303132
0.6085 0.303132
0.6095 0.303132
0.6105 0.303132
0.6115 0.303133
0.6125 0.303133
0.6135 0.303133
0.6145 0.303133
0.6155 0.303133
0.6165 0.303133
0.6175 0.303133
0.6185 0.303133
0.6195 0.303133
0.6205 0.303133
0.6215 0.303133
0.6225 0.303133
0.6235 0.303133
0.6245 0.303133
0.6255 0.303133
0.6265 0.303133
0.6275 0.303133
0.6285 0.303133
0.6295 0.303133
0.6305 0.303134
0.6315 0.303134
0.6325 0.303134
0.6335 0.303134
0.6345 0.303134
0.6355 0.303134
0.6365 0.303134
0.6375 0.303134
0.6385 0.303134
0.6395 0.303134
0.6405 0.303134
0.6415 0.303134
0.6425 0.303134
0.6435 0.303134
0.6445 0.303134
0.6455 0.303134
0.6465 0.303134
0.6475 0.303134
0.6485 0.303134
0.6495 0.303134
0.6505 0.303134
0.6515 0.303134
0.6525 0.303134
0.6535 0.303135
0.6545 0.303135
0.6555 0.303135
0.6565 0.303135
0.6575 0.303135
0.6585 0.303135
0.6595 0.303135
0.6605 0.303135
0.6615 0.303135
0.6625 0.303135
0.6635 0.303135
0.6645 0.303135
0.6655 0.303135
0.6665 0.303135
0.6675 0.303135
0.6685 0.303135
0.6695 0.303135
0.6705 0.303135
0.6715 0.303135
0.6725 0.303135
0.6735 0.303135
0.6745 0.303135
0.6755 0.303135
0.6765 0.303135
0.6775 0.303135
0.6785 0.303135
0.6795 0.303136
0.6805 0.303136
0.6815 0.303136
0.6825 0.303136
0.6835 0.303136
0.6845 0.303136
0.6855 0.303136
0.6865 0.303136
0.6875 0.303136
0.6885 0.303136
0.6895 0.303136
0.6905 0.303136
0.6915 0.303136
0.6925 0.303136
0.6935 0.303136
0.6945 0.303136
0.6955 0.303136
0.6965 0.303136
0.6975 0.303136
0.6985 0.303136
0.6995 0.303136
0.7005 0.303136
0.7015 0.303136
0.7025 0.303136
0.7035 0.303136
0.7045 0.303136
0.7055 0.303136
0.7065 0.303137
0.7075 0.303137
0.7085 0.303137
0.7095 0.303137
0.7105 0.303137
0.7115 0.303137
0.7125 0.303137
0.7135 0.303137
0.7145 0.303137
0.7155 0.303137
0.7165 0.303137
0.7175 0.303137
0.7185 0.303137
0.7195 0.303137
0.7205 0.303137
0.7215 0.303137
0.7225 0.303137
0.7235 0.303137
0.7245 0.303137
0.7255 0.303137
0.7265 0.303137
0.7275 0.303137
0.7285 0.303137
0.7295 0.303137
0.7305 0.303137
0.7315 0.303137
0.7325 0.303137
0.7335 0.303138
0.7345 0.303138
0.7355 0.303138
0.7365 0.303138
0.7375 0.303138
0.7385 0.303138
0.7395 0.303138
0.7405 0.303138
0.7415 0.303138
0.7425 0.303138
0.7435 0.303138
0.7445 0.303138
0.7455 0.303138
0.7465 0.303138
0.7475 0.303138
0.7485 0.303138
0.7495 0.303138
0.7505 0.303138
0.7515 0.303138
0.7525 0.303138
0.7535 0.303138
0.7545 0.303138
0.7555 0.303138
0.7565 0.303138
0.7575 0.303138
0.7585 0.303138
0.7595 0.303138
0.7605 0.303138
0.7615 0.303138
0.7625 0.303138
0.7635 0.303138
0.7645 0.303138
0.7655 0.303139
0.7665 0.303139
0.7675 0.303139
0.7685 0.303139
0.7695 0.303139
0.7705 0.303139
0.7715 0.303139
0.7725 0.303139
0.7735 0.303139
0.7745 0.303139
0.7755 0.303139
0.7765 0.303139
0.7775 0.303139
0.7785 0.303139
0.7795 0.303139
0.7805 0.303139
0.7815 0.303139
0.7825 0.303139
0.7835 0.303139
0.7845 0.303139
0.7855 0.303139
0.7865 0.303139
0.7875 0.303139
0.7885 0.303139
0.7895 0.303139
0.7905 0.303139
0.7915 0.303139
0.7925 0.303139
0.7935 0.303139
0.7945 0.30314
0.7955 0.30314
0.7965 0.30314
0.7975 0.30314
0.7985 0.30314
0.7995 0.30314
0.8005 0.30314
0.8015 0.30314
0.8025 0.30314
0.8035 0.30314
0.8045 0.30314
0.8055 0.30314
0.8065 0.30314
0.8075 0.30314
0.8085 0.30314
0.8095 0.30314
0.8105 0.30314
0.8115 0.30314
0.8125 0.30314
0.8135 0.30314
0.8145 0.30314
0.8155 0.30314
0.8165 0.30314
0.8175 0.30314
0.8185 0.303141
0.8195 0.303141
0.8205 0.303141
0.8215 0.303141
0.8225 0.303141
0.8235 0.303141
0.8245 0.303141
0.8255 0.303141
0.8265 0.303141
0.8275 0.303141
0.8285 0.303141
0.8295 0.303141
0.8305 0.303141
0.8315 0.303141
0.8325 0.303141
0.8335 0.303141
0.8345 0.303141
0.8355 0.303141
0.8365 0.303141
0.8375 0.303141
0.8385 0.303142
0.8395 0.303142
0.8405 0.303142
0.8415 0.303142
0.8425 0.303142
0.8435 0.303142
0.8445 0.303142
0.8455 0.303142
0.8465 0.303142
0.8475 0.303142
0.8485 0.303142
0.8495 0.303142
0.8505 0.303142
0.8515 0.303142
0.8525 0.303142
0.8535 0.303142
0.8545 0.303142
0.8555 0.303143
0.8565 0.303143
0.8575 0.303143
0.8585 0.303143
0.8595 0.303143
0.8605 0.303143
0.8615 0.303143
0.8625 0.303143
0.8635 0.303143
0.8645 0.303143
0.8655 0.303143
0.8665 0.303143
0.8675 0.303143
0.8685 0.303143
0.8695 0.303144
0.8705 0.303144
0.8715 0.303144
0.8725 0.303144
0.8735 0.303144
0.8745 0.303144
0.8755 0.303144
0.8765 0.303144
0.8775 0.303144
0.8785 0.303144
0.8795 0.303144
0.8805 0.303144
0.8815 0.303144
0.8825 0.303145
0.8835 0.303145
0.8845 0.303145
0.8855 0.303145
0.8865 0.303145
0.8875 0.303145
0.8885 0.303145
0.8895 0.303145
0.8905 0.303145
0.8915 0.303145
0.8925 0.303146
0.8935 0.303146
0.8945 0.303146
0.8955 0.303146
0.8965 0.303146
0.8975 0.303146
0.8985 0.303146
0.8995 0.303146
0.9005 0.303146
0.9015 0.303147
0.9025 0.303147
0.9035 0.303147
0.9045 0.303147
0.9055 0.303147
0.9065 0.303147
0.9075 0.303147
0.9085 0.303147
0.9095 0.303147
0.9105 0.303148
0.9115 0.303148
0.9125 0.303148
0.9135 0.303148
0.9145 0.303148
0.9155 0.303148
0.9165 0.303148
0.9175 0.303149
0.9185 0.303149
0.9195 0.303149
0.9205 0.303149
0.9215 0.303149
0.9225 0.303149
0.9235 0.30315
0.9245 0.30315
0.9255 0.30315
0.9265 0.30315
0.9275 0.30315
0.9285 0.30315
0.9295 0.30315
0.9305 0.30315
0.9315 0.303148
0.9325 0.303137
0.9335 0.303084
0.9345 0.302827
0.9355 0.301605
0.9365 0.295956
0.9375 0.272978
0.9385 0.21056
0.9395 0.13601
0.9405 0.105773
0.9415 0.100691
0.9425 0.100079
0.9435 0.100009
0.9445 0.100001
0.9455 0.1
0.9465 0.1
0.9475 0.1
0.9485 0.1
0.9495 0.1
0.9505 0.1
0.9515 0.1
0.9525 0.1
0.9535 0.1
0.9545 0.1
0.9555 0.1
0.9565 0.1
0.9575 0.1
0.9585 0.1
0.9595 0.1
0.9605 0.1
0.9615 0.1
0.9625 0.1
0.9635 0.1
0.9645 0.1
0.9655 0.1
0.9665 0.1
0.9675 0.1
0.9685 0.1
0.9695 0.1
0.9705 0.1
0.9715 0.1
0.9725 0.1
0.9735 0.1
0.9745 0.1
0.9755 0.1
0.9765 0.1
0.9775 0.1
0.9785 0.1
0.9795 0.1
0.9805 0.1
0.9815 0.1
0.9825 0.1
0.9835 0.1
0.9845 0.1
0.9855 0.1
0.9865 0.1
0.9875 0.1
0.9885 0.1
0.9895 0.1
0.9905 0.1
0.9915 0.1
0.9925 0.1
0.9935 0.1
0.9945 0.1
0.9955 0.1
0.9965 0.1
0.9975 0.1
0.9985 0.1
0.9995 0.1
