0.0005 -0.532
0.0015 -0.531
0.0025 -0.53
0.0035 -0.529
0.0045 -0.528
0.0055 -0.527
0.0065 -0.526
0.0075 -0.525
0.0085 -0.524
0.0095 -0.523
0.0105 -0.522
0.0115 -0.521
0.0125 -0.52
0.0135 -0.519
0.0145 -0.518
0.0155 -0.517
0.0165 -0.516
0.0175 -0.515
0.0185 -0.514
0.0195 -0.513
0.0205 -0.512
0.0215 -0.511
0.0225 -0.51
0.0235 -0.509
0.0245 -0.508
0.0255 -0.507
0.0265 -0.506
0.0275 -0.505
0.0285 -0.504
0.0295 -0.503
0.0305 -0.502
0.0315 -0.501
0.0325 -0.5
0.0335 -0.499
0.0345 -0.498
0.0355 -0.497
0.0365 -0.496
0.0375 -0.495
0.0385 -0.494
0.0395 -0.493
0.0405 -0.492
0.0415 -0.491
0.0425 -0.49
0.0435 -0.489
0.0445 -0.488
0.0455 -0.487
0.0465 -0.486
0.0475 -0.485
0.0485 -0.484
0.0495 -0.483
0.0505 -0.482
0.0515 -0.481
0.0525 -0.48
0.0535 -0.479
0.0545 -0.478
0.0555 -0.477
0.0565 -0.476
0.0575 -0.475
0.0585 -0.474
0.0595 -0.473
0.0605 -0.472
0.0615 -0.471
0.0625 -0.47
0.0635 -0.469
0.0645 -0.468
0.0655 -0.467
0.0665 -0.466
0.0675 -0.465
0.0685 -0.464
0.0695 -0.463
0.0705 -0.462
0.0715 -0.461
0.0725 -0.46
0.0735 -0.459
0.0745 -0.458
0.0755 -0.457
0.0765 -0.456
0.0775 -0.455
0.0785 -0.454
0.0795 -0.453
0.0805 -0.452
0.0815 -0.451
0.0825 -0.45
0.0835 -0.449
0.0845 -0.448
0.0855 -0.447
0.0865 -0.446
0.0875 -0.445
0.0885 -0.444
0.0895 -0.443
0.0905 -0.442
0.0915 -0.441
0.0925 -0.44
0.0935 -0.439
0.0945 -0.438
0.0955 -0.437
0.0965 -0.436
0.0975 -0.435
0.0985 -0.434
0.0995 -0.433
0.1005 -0.432
0.1015 -0.431
0.1025 -0.43
0.1035 -0.429
0.1045 -0.428
0.1055 -0.427
0.1065 -0.426
0.1075 -0.425
0.1085 -0.424
0.1095 -0.423
0.1105 -0.422
0.1115 -0.421
0.1125 -0.42
0.1135 -0.419
0.1145 -0.418
0.1155 -0.417
0.1165 -0.416
0.1175 -0.415
0.1185 -0.414
0.1195 -0.413
0.1205 -0.412
0.1215 -0.411
0.1225 -0.41
0.1235 -0.409
0.1245 -0.408
0.1255 -0.407
0.1265 -0.406
0.1275 -0.405
0.1285 -0.404
0.1295 -0.403
0.1305 -0.402
0.1315 -0.401
0.1325 -0.4
0.1335 -0.399
0.1345 -0.398
0.1355 -0.397
0.1365 -0.396
0.1375 -0.395
0.1385 -0.394
0.1395 -0.393
0.1405 -0.392
0.1415 -0.391
0.1425 -0.39
0.1435 -0.389
0.1445 -0.388
0.1455 -0.387
0.1465 -0.386
0.1475 -0.385
0.1485 -0.384
0.1495 -0.383
0.1505 -0.382
0.1515 -0.381
0.1525 -0.38
0.1535 -0.379
0.1545 -0.378
0.1555 -0.377
0.1565 -0.376
0.1575 -0.375
0.1585 -0.374
0.1595 -0.373
0.1605 -0.372
0.1615 -0.371
0.1625 -0.37
0.1635 -0.369
0.1645 -0.368
0.1655 -0.367
0.1665 -0.366
0.1675 -0.365
0.1685 -0.364
0.1695 -0.363
0.1705 -0.362
0.1715 -0.361
0.1725 -0.36
0.1735 -0.359
0.1745 -0.358
0.1755 -0.357
0.1765 -0.356
0.1775 -0.355
0.1785 -0.354
0.1795 -0.353
0.1805 -0.352
0.1815 -0.351
0.1825 -0.35
0.1835 -0.349
0.1845 -0.348
0.1855 -0.347
0.1865 -0.346
0.1875 -0.345
0.1885 -0.344
0.1895 -0.343
0.1905 -0.342
0.1915 -0.341
0.1925 -0.34
0.1935 -0.339
0.1945 -0.338
0.1955 -0.337
0.1965 -0.336
0.1975 -0.335
0.1985 -0.334
0.1995 -0.333
0.2005 -0.332
0.2015 -0.331
0.2025 -0.33
0.2035 -0.329
0.2045 -0.328
0.2055 -0.327
0.2065 -0.326
0.2075 -0.325
0.2085 -0.324
0.2095 -0.323
0.2105 -0.322
0.2115 -0.321
0.2125 -0.32
0.2135 -0.319
0.2145 -0.318
0.2155 -0.317
0.2165 -0.316
0.2175 -0.315
0.2185 -0.314
0.2195 -0.313
0.2205 -0.312
0.2215 -0.311
0.2225 -0.31
0.2235 -0.309
0.2245 -0.308
0.2255 -0.307
0.2265 -0.306
0.2275 -0.305
0.2285 -0.304
0.2295 -0.303
0.2305 -0.302
0.2315 -0.301
0.2325 -0.3
0.2335 -0.299
0.2345 -0.298
0.2355 -0.297
0.2365 -0.296
0.2375 -0.295
0.2385 -0.294
0.2395 -0.293
0.2405 -0.292
0.2415 -0.291
0.2425 -0.29
0.2435 -0.289
0.2445 -0.288
0.2455 -0.287
0.2465 -0.286
0.2475 -0.285
0.2485 -0.284
0.2495 -0.283
0.2505 -0.282
0.2515 -0.281
0.2525 -0.28
0.2535 -0.279
0.2545 -0.278
0.2555 -0.277
0.2565 -0.276
0.2575 -0.275
0.2585 -0.274
0.2595 -0.273
0.2605 -0.272
0.2615 -0.271
0.2625 -0.27
0.2635 -0.269
0.2645 -0.268
0.2655 -0.267
0.2665 -0.266
0.2675 -0.265
0.2685 -0.264
0.2695 -0.263
0.2705 -0.262
0.2715 -0.261
0.2725 -0.26
0.2735 -0.259
0.2745 -0.258
0.2755 -0.257
0.2765 -0.256
0.2775 -0.255
0.2785 -0.254
0.2795 -0.253
0.2805 -0.252
0.2815 -0.251
0.2825 -0.25
0.2835 -0.249
0.2845 -0.248
0.2855 -0.247
0.2865 -0.246
0.2875 -0.245
0.2885 -0.244
0.2895 -0.243
0.2905 -0.242
0.2915 -0.241
0.2925 -0.24
0.2935 -0.239
0.2945 -0.238
0.2955 -0.237
0.2965 -0.236
0.2975 -0.235
0.2985 -0.234
0.2995 -0.233
0.3005 -0.232
0.3015 -0.231
0.3025 -0.23
0.3035 -0.229
0.3045 -0.228
0.3055 -0.227
0.3065 -0.226
0.3075 -0.225
0.3085 -0.224
0.3095 -0.223
0.3105 -0.222
0.3115 -0.221
0.3125 -0.22
0.3135 -0.219
0.3145 -0.218
0.3155 -0.217
0.3165 -0.216
0.3175 -0.215
0.3185 -0.214
0.3195 -0.213
0.3205 -0.212
0.3215 -0.211
0.3225 -0.21
0.3235 -0.209
0.3245 -0.208
0.3255 -0.207
0.3265 -0.206
0.3275 -0.205
0.3285 -0.204
0.3295 -0.203
0.3305 -0.202
0.3315 -0.201
0.3325 -0.2
0.3335 -0.199
0.3345 -0.198
0.3355 -0.197
0.3365 -0.196
0.3375 -0.195
0.3385 -0.194
0.3395 -0.193
0.3405 -0.192
0.3415 -0.191
0.3425 -0.19
0.3435 -0.189
0.3445 -0.188
0.3455 -0.187
0.3465 -0.186
0.3475 -0.185
0.3485 -0.184
0.3495 -0.183
0.3505 -0.182
0.3515 -0.181
0.3525 -0.18
0.3535 -0.179
0.3545 -0.178
0.3555 -0.177
0.3565 -0.176
0.3575 -0.175
0.3585 -0.174
0.3595 -0.173
0.3605 -0.172
0.3615 -0.171
0.3625 -0.17
0.3635 -0.169
0.3645 -0.168
0.3655 -0.167
0.3665 -0.166
0.3675 -0.165
0.3685 -0.164
0.3695 -0.163
0.3705 -0.162
0.3715 -0.161
0.3725 -0.16
0.3735 -0.159
0.3745 -0.158
0.3755 -0.157
0.3765 -0.156
0.3775 -0.155
0.3785 -0.154
0.3795 -0.153
0.3805 -0.152
0.3815 -0.151
0.3825 -0.15
0.3835 -0.149
0.3845 -0.148
0.3855 -0.147
0.3865 -0.146
0.3875 -0.145
0.3885 -0.144
0.3895 -0.143
0.3905 -0.142
0.3915 -0.141
0.3925 -0.14
0.3935 -0.139
0.3945 -0.138
0.3955 -0.137
0.3965 -0.136
0.3975 -0.135
0.3985 -0.134
0.3995 -0.133
0.4005 -0.132
0.4015 -0.131
0.4025 -0.13
0.4035 -0.129
0.4045 -0.128
0.4055 -0.127
0.4065 -0.126
0.4075 -0.125
0.4085 -0.124
0.4095 -0.123
0.4105 -0.122
0.4115 -0.121
0.4125 -0.12
0.4135 -0.119
0.4145 -0.118
0.4155 -0.117
0.4165 -0.116
0.4175 -0.115
0.4185 -0.114
0.4195 -0.113
0.4205 -0.112
0.4215 -0.111
0.4225 -0.11
0.4235 -0.109
0.4245 -0.108
0.4255 -0.107
0.4265 -0.106
0.4275 -0.105
0.4285 -0.104
0.4295 -0.103
0.4305 -0.102
0.4315 -0.101
0.4325 -0.1
0.4335 -0.099
0.4345 -0.098
0.4355 -0.097
0.4365 -0.096
0.4375 -0.095
0.4385 -0.094
0.4395 -0.093
0.4405 -0.092
0.4415 -0.091
0.4425 -0.09
0.4435 -0.089
0.4445 -0.088
0.4455 -0.087
0.4465 -0.086
0.4475 -0.085
0.4485 -0.084
0.4495 -0.083
0.4505 -0.082
0.4515 -0.081
0.4525 -0.08
0.4535 -0.079
0.4545 -0.078
0.4555 -0.077
0.4565 -0.076
0.4575 -0.075
0.4585 -0.074
0.4595 -0.073
0.4605 -0.072
0.4615 -0.071
0.4625 -0.07
0.4635 -0.069
0.4645 -0.068
0.4655 -0.067
0.4665 -0.066
0.4675 -0.065
0.4685 -0.064
0.4695 -0.063
0.4705 -0.062
0.4715 -0.061
0.4725 -0.06
0.4735 -0.059
0.4745 -0.058
0.4755 -0.057
0.4765 -0.056
0.4775 -0.055
0.4785 -0.054
0.4795 -0.053
0.4805 -0.052
0.4815 -0.051
0.4825 -0.05
0.4835 -0.049
0.4845 -0.048
0.4855 -0.047
0.4865 -0.046
0.4875 -0.045
0.4885 -0.044
0.4895 -0.043
0.4905 -0.042
0.4915 -0.041
0.4925 -0.04
0.4935 -0.039
0.4945 -0.038
0.4955 -0.037
0.4965 -0.036
0.4975 -0.035
0.4985 -0.034
0.4995 -0.033
0.5005 -0.032
0.5015 -0.031
0.5025 -0.03
0.5035 -0.029
0.5045 -0.028
0.5055 -0.027
0.5065 -0.026
0.5075 -0.025
0.5085 -0.024
0.5095 -0.023
0.5105 -0.022
0.5115 -0.021
0.5125 -0.02
0.5135 -0.019
0.5145 -0.018
0.5155 -0.017
0.5165 -0.016
0.5175 -0.015
0.5185 -0.014
0.5195 -0.013
0.5205 -0.012
0.5215 -0.011
0.5225 -0.01
0.5235 -0.00900001
0.5245 -0.00800001
0.5255 -0.00700001
0.5265 -0.00600001
0.5275 -0.00500001
0.5285 -0.00400001
0.5295 -0.00300001
0.5305 -0.00200001
0.5315 -0.00100001
0.5325 -1.23077e-08
0.5335 1.04359e-07
0.5345 0.0010001
0.5355 0.0020001
0.5365 0.0030001
0.5375 0.0040001
0.5385 0.0050001
0.5395 0.0060001
0.5405 0.0070001
0.5415 0.0080001
0.5425 0.0090001
0.5435 0.0100001
0.5445 0.0110001
0.5455 0.0120001
0.5465 0.0130001
0.5475 0.0140001
0.5485 0.0150001
0.5495 0.0160001
0.5505 0.0170001
0.5515 0.0180001
0.5525 0.0190001
0.5535 0.0200001
0.5545 0.0210001
0.5555 0.0220001
0.5565 0.0230001
0.5575 0.0240001
0.5585 0.0250001
0.5595 0.0260001
0.5605 0.0270001
0.5615 0.0280001
0.5625 0.0290001
0.5635 0.0300001
0.5645 0.0310001
0.5655 0.0320001
0.5665 0.0330001
0.5675 0.0340001
0.5685 0.0350001
0.5695 0.0360001
0.5705 0.0370001
0.5715 0.0380001
0.5725 0.0390001
0.5735 0.0400001
0.5745 0.0410001
0.5755 0.0420001
0.5765 0.0430001
0.5775 0.0440001
0.5785 0.0450001
0.5795 0.0460001
0.5805 0.0470001
0.5815 0.0480001
0.5825 0.0490001
0.5835 0.0500001
0.5845 0.0510001
0.5855 0.0520001
0.5865 0.0530001
0.5875 0.0540001
0.5885 0.0550001
0.5895 0.0560001
0.5905 0.0570001
0.5915 0.0580001
0.5925 0.0590001
0.5935 0.0600001
0.5945 0.0610001
0.5955 0.0620001
0.5965 0.0630001
0.5975 0.0640001
0.5985 0.0650001
0.5995 0.0660001
0.6005 0.0670001
0.6015 0.0680001
0.6025 0.0690001
0.6035 0.0700001
0.6045 0.0710001
0.6055 0.0720001
0.6065 0.0730001
0.6075 0.0740001
0.6085 0.0750001
0.6095 0.0760001
0.6105 0.0770001
0.6115 0.0780001
0.6125 0.0790001
0.6135 0.0800001
0.6145 0.0810001
0.6155 0.0820001
0.6165 0.0830001
0.6175 0.0840001
0.6185 0.0850001
0.6195 0.0860001
0.6205 0.0870001
0.6215 0.0880001
0.6225 0.0890001
0.6235 0.0900001
0.6245 0.0910001
0.6255 0.0920001
0.6265 0.0930001
0.6275 0.0940001
0.6285 0.0950001
0.6295 0.0960001
0.6305 0.0970001
0.6315 0.0980001
0.6325 0.0990001
0.6335 0.1
0.6345 0.101
0.6355 0.102
0.6365 0.103
0.6375 0.104
0.6385 0.105
0.6395 0.106
0.6405 0.107
0.6415 0.108
0.6425 0.109
0.6435 0.11
0.6445 0.111
0.6455 0.112
0.6465 0.113
0.6475 0.114
0.6485 0.115
0.6495 0.116
0.6505 0.117
0.6515 0.118
0.6525 0.119
0.6535 0.12
0.6545 0.121
0.6555 0.122
0.6565 0.123
0.6575 0.124
0.6585 0.125
0.6595 0.126
0.6605 0.127
0.6615 0.128
0.6625 0.129
0.6635 0.13
0.6645 0.131
0.6655 0.132
0.6665 0.133
0.6675 0.134
0.6685 0.135
0.6695 0.136
0.6705 0.137
0.6715 0.138
0.6725 0.139
0.6735 0.14
0.6745 0.141
0.6755 0.142
0.6765 0.143
0.6775 0.144
0.6785 0.145
0.6795 0.146
0.6805 0.147
0.6815 0.148
0.6825 0.149
0.6835 0.15
0.6845 0.151
0.6855 0.152
0.6865 0.153
0.6875 0.154
0.6885 0.155
0.6895 0.156
0.6905 0.157
0.6915 0.158
0.6925 0.159
0.6935 0.16
0.6945 0.161
0.6955 0.162
0.6965 0.163
0.6975 0.164
0.6985 0.165
0.6995 0.166
0.7005 0.167
0.7015 0.168
0.7025 0.169
0.7035 0.17
0.7045 0.171
0.7055 0.172
0.7065 0.173
0.7075 0.174
0.7085 0.175
0.7095 0.176
0.7105 0.177
0.7115 0.178
0.7125 0.179
0.7135 0.18
0.7145 0.181
0.7155 0.182
0.7165 0.183
0.7175 0.184
0.7185 0.185
0.7195 0.186
0.7205 0.187
0.7215 0.188
0.7225 0.189
0.7235 0.19
0.7245 0.191
0.7255 0.192
0.7265 0.193
0.7275 0.194
0.7285 0.195
0.7295 0.196
0.7305 0.197
0.7315 0.198
0.7325 0.199
0.7335 0.2
0.7345 0.201
0.7355 0.202
0.7365 0.203
0.7375 0.204
0.7385 0.205
0.7395 0.206
0.7405 0.207
0.7415 0.208
0.7425 0.209
0.7435 0.21
0.7445 0.211
0.7455 0.212
0.7465 0.213
0.7475 0.214
0.7485 0.215
0.7495 0.216
0.7505 0.217
0.7515 0.218
0.7525 0.219
0.7535 0.22
0.7545 0.221
0.7555 0.222
0.7565 0.223
0.7575 0.224
0.7585 0.225
0.7595 0.226
0.7605 0.227
0.7615 0.228
0.7625 0.229
0.7635 0.23
0.7645 0.231
0.7655 0.232
0.7665 0.233
0.7675 0.234
0.7685 0.235
0.7695 0.236
0.7705 0.237
0.7715 0.238
0.7725 0.239
0.7735 0.24
0.7745 0.241
0.7755 0.242
0.7765 0.243
0.7775 0.244
0.7785 0.245
0.7795 0.246
0.7805 0.247
0.7815 0.248
0.7825 0.249
0.7835 0.25
0.7845 0.251
0.7855 0.252
0.7865 0.253
0.7875 0.254
0.7885 0.255
0.7895 0.256
0.7905 0.257
0.7915 0.258
0.7925 0.259
0.7935 0.26
0.7945 0.261
0.7955 0.262
0.7965 0.263
0.7975 0.264
0.7985 0.265
0.7995 0.266
0.8005 0.267
0.8015 0.268
0.8025 0.269
0.8035 0.27
0.8045 0.271
0.8055 0.272
0.8065 0.273
0.8075 0.274
0.8085 0.275
0.8095 0.276
0.8105 0.277
0.8115 0.278
0.8125 0.279
0.8135 0.28
0.8145 0.281
0.8155 0.282
0.8165 0.283
0.8175 0.284
0.8185 0.285
0.8195 0.286
0.8205 0.287
0.8215 0.288
0.8225 0.289
0.8235 0.29
0.8245 0.291
0.8255 0.292
0.8265 0.293
0.8275 0.294
0.8285 0.295
0.8295 0.296
0.8305 0.297
0.8315 0.298
0.8325 0.299
0.8335 0.3
0.8345 0.301
0.8355 0.302
0.8365 0.303
0.8375 0.304
0.8385 0.305
0.8395 0.306
0.8405 0.307
0.8415 0.308
0.8425 0.309
0.8435 0.31
0.8445 0.311
0.8455 0.312
0.8465 0.313
0.8475 0.314
0.8485 0.315
0.8495 0.316
0.8505 0.317
0.8515 0.318
0.8525 0.319
0.8535 0.32
0.8545 0.321
0.8555 0.322
0.8565 0.323
0.8575 0.324
0.8585 0.325
0.8595 0.326
0.8605 0.327
0.8615 0.328
0.8625 0.329
0.8635 0.33
0.8645 0.331
0.8655 0.332
0.8665 0.333
0.8675 0.334
0.8685 0.335
0.8695 0.336
0.8705 0.337
0.8715 0.338
0.8725 0.339
0.8735 0.34
0.8745 0.341
0.8755 0.342
0.8765 0.343
0.8775 0.344
0.8785 0.345
0.8795 0.346
0.8805 0.347
0.8815 0.348
0.8825 0.349
0.8835 0.35
0.8845 0.351
0.8855 0.352
0.8865 0.353
0.8875 0.354
0.8885 0.355
0.8895 0.356
0.8905 0.357
0.8915 0.358
0.8925 0.359
0.8935 0.36
0.8945 0.361
0.8955 0.362
0.8965 0.363
0.8975 0.364
0.8985 0.365
0.8995 0.366
0.9005 0.367
0.9015 0.368
0.9025 0.369
0.9035 0.37
0.9045 0.371
0.9055 0.372
0.9065 0.373
0.9075 0.374
0.9085 0.375
0.9095 0.376
0.9105 0.377
0.9115 0.378
0.9125 0.379
0.9135 0.38
0.9145 0.381
0.9155 0.382
0.9165 0.383
0.9175 0.384
0.9185 0.385
0.9195 0.386
0.9205 0.387
0.9215 0.388
0.9225 0.389
0.9235 0.39
0.9245 0.391
0.9255 0.392
0.9265 0.393
0.9275 0.394
0.9285 0.395
0.9295 0.396
0.9305 0.397
0.9315 0.398
0.9325 0.399
0.9335 0.4
0.9345 0.401
0.9355 0.402
0.9365 0.403
0.9375 0.404
0.9385 0.405
0.9395 0.406
0.9405 0.407
0.9415 0.408
0.9425 0.409
0.9435 0.41
0.9445 0.411
0.9455 0.412
0.9465 0.413
0.9475 0.414
0.9485 0.415
0.9495 0.416
0.9505 0.417
0.9515 0.418
0.9525 0.419
0.9535 0.42
0.9545 0.421
0.9555 0.422
0.9565 0.423
0.9575 0.424
0.9585 0.425
0.9595 0.426
0.9605 0.427
0.9615 0.428
0.9625 0.429
0.9635 0.43
0.9645 0.431
0.9655 0.432
0.9665 0.433
0.9675 0.434
0.9685 0.435
0.9695 0.436
0.9705 0.437
0.9715 0.438
0.9725 0.439
0.9735 0.44
0.9745 0.441
0.9755 0.442
0.9765 0.443
0.9775 0.444
0.9785 0.445
0.9795 0.446
0.9805 0.447
0.9815 0.448
0.9825 0.449
0.9835 0.45
0.9845 0.451
0.9855 0.452
0.9865 0.453
0.9875 0.454
0.9885 0.455
0.9895 0.456
0.9905 0.457
0.9915 0.458
0.9925 0.459
0.9935 0.46
0.9945 0.461
0.9955 0.462
0.9965 0.463
0.9975 0.464
0.9985 0.465
0.9995 0.466
