0.0005 1e+09
0.0015 1e+09
0.0025 1e+09
0.0035 1e+09
0.0045 1e+09
0.0055 1e+09
0.0065 1e+09
0.0075 1e+09
0.0085 1e+09
0.0095 1e+09
0.0105 1e+09
0.0115 1e+09
0.0125 1e+09
0.0135 1e+09
0.0145 1e+09
0.0155 1e+09
0.0165 1e+09
0.0175 1e+09
0.0185 1e+09
0.0195 1e+09
0.0205 1e+09
0.0215 9.99999e+08
0.0225 9.99999e+08
0.0235 9.99999e+08
0.0245 9.99998e+08
0.0255 9.99997e+08
0.0265 9.99995e+08
0.0275 9.99993e+08
0.0285 9.9999e+08
0.0295 9.99985e+08
0.0305 9.99979e+08
0.0315 9.9997e+08
0.0325 9.99958e+08
0.0335 9.99941e+08
0.0345 9.99919e+08
0.0355 9.9989e+08
0.0365 9.99852e+08
0.0375 9.99802e+08
0.0385 9.99739e+08
0.0395 9.99657e+08
0.0405 9.99555e+08
0.0415 9.99427e+08
0.0425 9.99269e+08
0.0435 9.99076e+08
0.0445 9.98842e+08
0.0455 9.98561e+08
0.0465 9.98227e+08
0.0475 9.97833e+08
0.0485 9.97373e+08
0.0495 9.9684e+08
0.0505 9.96228e+08
0.0515 9.95531e+08
0.0525 9.94743e+08
0.0535 9.9386e+08
0.0545 9.92877e+08
0.0555 9.91791e+08
0.0565 9.90598e+08
0.0575 9.89297e+08
0.0585 9.87887e+08
0.0595 9.86367e+08
0.0605 9.84737e+08
0.0615 9.82998e+08
0.0625 9.81153e+08
0.0635 9.79203e+08
0.0645 9.77151e+08
0.0655 9.75001e+08
0.0665 9.72755e+08
0.0675 9.70417e+08
0.0685 9.67992e+08
0.0695 9.65483e+08
0.0705 9.62895e+08
0.0715 9.60231e+08
0.0725 9.57496e+08
0.0735 9.54693e+08
0.0745 9.51828e+08
0.0755 9.48903e+08
0.0765 9.45922e+08
0.0775 9.42888e+08
0.0785 9.39807e+08
0.0795 9.36679e+08
0.0805 9.33509e+08
0.0815 9.303e+08
0.0825 9.27053e+08
0.0835 9.23773e+08
0.0845 9.20461e+08
0.0855 9.17119e+08
0.0865 9.1375e+08
0.0875 9.10357e+08
0.0885 9.06939e+08
0.0895 9.03501e+08
0.0905 9.00042e+08
0.0915 8.96566e+08
0.0925 8.93072e+08
0.0935 8.89563e+08
0.0945 8.8604e+08
0.0955 8.82504e+08
0.0965 8.78956e+08
0.0975 8.75398e+08
0.0985 8.71829e+08
0.0995 8.68252e+08
0.1005 8.64666e+08
0.1015 8.61073e+08
0.1025 8.57474e+08
0.1035 8.53869e+08
0.1045 8.50258e+08
0.1055 8.46643e+08
0.1065 8.43024e+08
0.1075 8.39402e+08
0.1085 8.35776e+08
0.1095 8.32148e+08
0.1105 8.28518e+08
0.1115 8.24887e+08
0.1125 8.21254e+08
0.1135 8.1762e+08
0.1145 8.13985e+08
0.1155 8.10351e+08
0.1165 8.06716e+08
0.1175 8.03082e+08
0.1185 7.99448e+08
0.1195 7.95816e+08
0.1205 7.92184e+08
0.1215 7.88554e+08
0.1225 7.84925e+08
0.1235 7.81298e+08
0.1245 7.77673e+08
0.1255 7.7405e+08
0.1265 7.7043e+08
0.1275 7.66812e+08
0.1285 7.63196e+08
0.1295 7.59584e+08
0.1305 7.55974e+08
0.1315 7.52367e+08
0.1325 7.48764e+08
0.1335 7.45163e+08
0.1345 7.41566e+08
0.1355 7.37973e+08
0.1365 7.34383e+08
0.1375 7.30797e+08
0.1385 7.27215e+08
0.1395 7.23636e+08
0.1405 7.20062e+08
0.1415 7.16491e+08
0.1425 7.12925e+08
0.1435 7.09362e+08
0.1445 7.05804e+08
0.1455 7.02251e+08
0.1465 6.98701e+08
0.1475 6.95157e+08
0.1485 6.91616e+08
0.1495 6.8808e+08
0.1505 6.84549e+08
0.1515 6.81022e+08
0.1525 6.775e+08
0.1535 6.73983e+08
0.1545 6.70471e+08
0.1555 6.66963e+08
0.1565 6.6346e+08
0.1575 6.59962e+08
0.1585 6.56469e+08
0.1595 6.52981e+08
0.1605 6.49498e+08
0.1615 6.4602e+08
0.1625 6.42547e+08
0.1635 6.39079e+08
0.1645 6.35617e+08
0.1655 6.32159e+08
0.1665 6.28707e+08
0.1675 6.2526e+08
0.1685 6.21817e+08
0.1695 6.18381e+08
0.1705 6.14949e+08
0.1715 6.11523e+08
0.1725 6.08102e+08
0.1735 6.04686e+08
0.1745 6.01276e+08
0.1755 5.97871e+08
0.1765 5.94472e+08
0.1775 5.91078e+08
0.1785 5.87689e+08
0.1795 5.84306e+08
0.1805 5.80928e+08
0.1815 5.77555e+08
0.1825 5.74189e+08
0.1835 5.70827e+08
0.1845 5.67471e+08
0.1855 5.64121e+08
0.1865 5.60776e+08
0.1875 5.57437e+08
0.1885 5.54103e+08
0.1895 5.50775e+08
0.1905 5.47452e+08
0.1915 5.44135e+08
0.1925 5.40823e+08
0.1935 5.37518e+08
0.1945 5.34217e+08
0.1955 5.30923e+08
0.1965 5.27634e+08
0.1975 5.2435e+08
0.1985 5.21073e+08
0.1995 5.17801e+08
0.2005 5.14534e+08
0.2015 5.11273e+08
0.2025 5.08018e+08
0.2035 5.04769e+08
0.2045 5.01526e+08
0.2055 4.98288e+08
0.2065 4.95055e+08
0.2075 4.91829e+08
0.2085 4.88608e+08
0.2095 4.85393e+08
0.2105 4.82184e+08
0.2115 4.7898e+08
0.2125 4.75783e+08
0.2135 4.72591e+08
0.2145 4.69404e+08
0.2155 4.66224e+08
0.2165 4.63049e+08
0.2175 4.5988e+08
0.2185 4.56717e+08
0.2195 4.5356e+08
0.2205 4.50409e+08
0.2215 4.47263e+08
0.2225 4.44123e+08
0.2235 4.40989e+08
0.2245 4.37861e+08
0.2255 4.34739e+08
0.2265 4.31622e+08
0.2275 4.28512e+08
0.2285 4.25407e+08
0.2295 4.22308e+08
0.2305 4.19215e+08
0.2315 4.16128e+08
0.2325 4.13047e+08
0.2335 4.09972e+08
0.2345 4.06902e+08
0.2355 4.03839e+08
0.2365 4.00781e+08
0.2375 3.97729e+08
0.2385 3.94684e+08
0.2395 3.91644e+08
0.2405 3.8861e+08
0.2415 3.85582e+08
0.2425 3.8256e+08
0.2435 3.79544e+08
0.2445 3.76534e+08
0.2455 3.7353e+08
0.2465 3.70532e+08
0.2475 3.67541e+08
0.2485 3.64555e+08
0.2495 3.61575e+08
0.2505 3.58601e+08
0.2515 3.55633e+08
0.2525 3.52671e+08
0.2535 3.49715e+08
0.2545 3.46766e+08
0.2555 3.43822e+08
0.2565 3.40885e+08
0.2575 3.37953e+08
0.2585 3.35028e+08
0.2595 3.32109e+08
0.2605 3.29196e+08
0.2615 3.26289e+08
0.2625 3.23389e+08
0.2635 3.20494e+08
0.2645 3.17606e+08
0.2655 3.14724e+08
0.2665 3.11848e+08
0.2675 3.08979e+08
0.2685 3.06115e+08
0.2695 3.03258e+08
0.2705 3.00408e+08
0.2715 2.97563e+08
0.2725 2.94725e+08
0.2735 2.91893e+08
0.2745 2.89068e+08
0.2755 2.86249e+08
0.2765 2.83436e+08
0.2775 2.8063e+08
0.2785 2.7783e+08
0.2795 2.75037e+08
0.2805 2.7225e+08
0.2815 2.6947e+08
0.2825 2.66696e+08
0.2835 2.63929e+08
0.2845 2.61169e+08
0.2855 2.58415e+08
0.2865 2.55668e+08
0.2875 2.52927e+08
0.2885 2.50193e+08
0.2895 2.47466e+08
0.2905 2.44746e+08
0.2915 2.42032e+08
0.2925 2.39326e+08
0.2935 2.36626e+08
0.2945 2.33933e+08
0.2955 2.31247e+08
0.2965 2.28568e+08
0.2975 2.25896e+08
0.2985 2.23231e+08
0.2995 2.20574e+08
0.3005 2.17923e+08
0.3015 2.1528e+08
0.3025 2.12644e+08
0.3035 2.10016e+08
0.3045 2.07394e+08
0.3055 2.04781e+08
0.3065 2.02174e+08
0.3075 1.99576e+08
0.3085 1.96985e+08
0.3095 1.94401e+08
0.3105 1.91826e+08
0.3115 1.89258e+08
0.3125 1.86698e+08
0.3135 1.84147e+08
0.3145 1.81603e+08
0.3155 1.79067e+08
0.3165 1.7654e+08
0.3175 1.74021e+08
0.3185 1.71511e+08
0.3195 1.69009e+08
0.3205 1.66516e+08
0.3215 1.64031e+08
0.3225 1.61555e+08
0.3235 1.59089e+08
0.3245 1.56631e+08
0.3255 1.54183e+08
0.3265 1.51744e+08
0.3275 1.49315e+08
0.3285 1.46895e+08
0.3295 1.44485e+08
0.3305 1.42086e+08
0.3315 1.39696e+08
0.3325 1.37316e+08
0.3335 1.34948e+08
0.3345 1.32589e+08
0.3355 1.30242e+08
0.3365 1.27906e+08
0.3375 1.25581e+08
0.3385 1.23268e+08
0.3395 1.20966e+08
0.3405 1.18676e+08
0.3415 1.16399e+08
0.3425 1.14134e+08
0.3435 1.11882e+08
0.3445 1.09644e+08
0.3455 1.07418e+08
0.3465 1.05207e+08
0.3475 1.03009e+08
0.3485 1.00826e+08
0.3495 9.86577e+07
0.3505 9.65045e+07
0.3515 9.43669e+07
0.3525 9.22453e+07
0.3535 9.014e+07
0.3545 8.80517e+07
0.3555 8.59806e+07
0.3565 8.39274e+07
0.3575 8.18924e+07
0.3585 7.98763e+07
0.3595 7.78797e+07
0.3605 7.59029e+07
0.3615 7.39468e+07
0.3625 7.20118e+07
0.3635 7.00987e+07
0.3645 6.8208e+07
0.3655 6.63405e+07
0.3665 6.44969e+07
0.3675 6.2678e+07
0.3685 6.08844e+07
0.3695 5.9117e+07
0.3705 5.73765e+07
0.3715 5.56639e+07
0.3725 5.39799e+07
0.3735 5.23254e+07
0.3745 5.07014e+07
0.3755 4.91087e+07
0.3765 4.75482e+07
0.3775 4.60209e+07
0.3785 4.45277e+07
0.3795 4.30696e+07
0.3805 4.16475e+07
0.3815 4.02623e+07
0.3825 3.89151e+07
0.3835 3.76067e+07
0.3845 3.63381e+07
0.3855 3.51101e+07
0.3865 3.39236e+07
0.3875 3.27794e+07
0.3885 3.16782e+07
0.3895 3.06209e+07
0.3905 2.96081e+07
0.3915 2.86402e+07
0.3925 2.77179e+07
0.3935 2.68416e+07
0.3945 2.60114e+07
0.3955 2.52278e+07
0.3965 2.44906e+07
0.3975 2.37999e+07
0.3985 2.31555e+07
0.3995 2.2557e+07
0.4005 2.20041e+07
0.4015 2.1496e+07
0.4025 2.1032e+07
0.4035 2.06111e+07
0.4045 2.02323e+07
0.4055 1.98944e+07
0.4065 1.95959e+07
0.4075 1.93353e+07
0.4085 1.9111e+07
0.4095 1.89213e+07
0.4105 1.87641e+07
0.4115 1.86377e+07
0.4125 1.85398e+07
0.4135 1.84685e+07
0.4145 1.84215e+07
0.4155 1.83967e+07
0.4165 1.8392e+07
0.4175 1.84051e+07
0.4185 1.8434e+07
0.4195 1.84765e+07
0.4205 1.85308e+07
0.4215 1.85948e+07
0.4225 1.86666e+07
0.4235 1.87447e+07
0.4245 1.88274e+07
0.4255 1.89131e+07
0.4265 1.90006e+07
0.4275 1.90885e+07
0.4285 1.91758e+07
0.4295 1.92615e+07
0.4305 1.93447e+07
0.4315 1.94248e+07
0.4325 1.95009e+07
0.4335 1.95728e+07
0.4345 1.96399e+07
0.4355 1.9702e+07
0.4365 1.97588e+07
0.4375 1.98101e+07
0.4385 1.9856e+07
0.4395 1.98964e+07
0.4405 1.99313e+07
0.4415 1.99609e+07
0.4425 1.99853e+07
0.4435 2.00046e+07
0.4445 2.0019e+07
0.4455 2.00288e+07
0.4465 2.00342e+07
0.4475 2.00354e+07
0.4485 2.00328e+07
0.4495 2.00265e+07
0.4505 2.00169e+07
0.4515 2.00041e+07
0.4525 1.99885e+07
0.4535 1.99703e+07
0.4545 1.99498e+07
0.4555 1.99272e+07
0.4565 1.99028e+07
0.4575 1.98767e+07
0.4585 1.98491e+07
0.4595 1.98204e+07
0.4605 1.97906e+07
0.4615 1.97599e+07
0.4625 1.97286e+07
0.4635 1.96966e+07
0.4645 1.96643e+07
0.4655 1.96316e+07
0.4665 1.95987e+07
0.4675 1.95657e+07
0.4685 1.95327e+07
0.4695 1.94996e+07
0.4705 1.94667e+07
0.4715 1.94339e+07
0.4725 1.94012e+07
0.4735 1.93688e+07
0.4745 1.93365e+07
0.4755 1.93044e+07
0.4765 1.92726e+07
0.4775 1.9241e+07
0.4785 1.92096e+07
0.4795 1.91784e+07
0.4805 1.91474e+07
0.4815 1.91166e+07
0.4825 1.90861e+07
0.4835 1.90558e+07
0.4845 1.90257e+07
0.4855 1.89959e+07
0.4865 1.89663e+07
0.4875 1.8937e+07
0.4885 1.8908e+07
0.4895 1.88793e+07
0.4905 1.88509e+07
0.4915 1.88229e+07
0.4925 1.87954e+07
0.4935 1.87682e+07
0.4945 1.87415e+07
0.4955 1.87153e+07
0.4965 1.86895e+07
0.4975 1.86643e+07
0.4985 1.86397e+07
0.4995 1.86155e+07
0.5005 1.85919e+07
0.5015 1.85689e+07
0.5025 1.85464e+07
0.5035 1.85244e+07
0.5045 1.8503e+07
0.5055 1.8482e+07
0.5065 1.84615e+07
0.5075 1.84415e+07
0.5085 1.84218e+07
0.5095 1.84025e+07
0.5105 1.83836e+07
0.5115 1.83649e+07
0.5125 1.83465e+07
0.5135 1.83283e+07
0.5145 1.83103e+07
0.5155 1.82925e+07
0.5165 1.82747e+07
0.5175 1.82571e+07
0.5185 1.82395e+07
0.5195 1.8222e+07
0.5205 1.82044e+07
0.5215 1.81868e+07
0.5225 1.81693e+07
0.5235 1.81516e+07
0.5245 1.8134e+07
0.5255 1.81162e+07
0.5265 1.80984e+07
0.5275 1.80806e+07
0.5285 1.80626e+07
0.5295 1.80446e+07
0.5305 1.80266e+07
0.5315 1.80085e+07
0.5325 1.79903e+07
0.5335 1.79722e+07
0.5345 1.7954e+07
0.5355 1.79358e+07
0.5365 1.79176e+07
0.5375 1.78995e+07
0.5385 1.78815e+07
0.5395 1.78635e+07
0.5405 1.78457e+07
0.5415 1.78279e+07
0.5425 1.78104e+07
0.5435 1.7793e+07
0.5445 1.77758e+07
0.5455 1.77588e+07
0.5465 1.77421e+07
0.5475 1.77256e+07
0.5485 1.77095e+07
0.5495 1.76936e+07
0.5505 1.7678e+07
0.5515 1.76627e+07
0.5525 1.76478e+07
0.5535 1.76331e+07
0.5545 1.76189e+07
0.5555 1.76049e+07
0.5565 1.75913e+07
0.5575 1.75781e+07
0.5585 1.75651e+07
0.5595 1.75526e+07
0.5605 1.75403e+07
0.5615 1.75284e+07
0.5625 1.75168e+07
0.5635 1.75055e+07
0.5645 1.74946e+07
0.5655 1.74839e+07
0.5665 1.74735e+07
0.5675 1.74634e+07
0.5685 1.74536e+07
0.5695 1.7444e+07
0.5705 1.74347e+07
0.5715 1.74256e+07
0.5725 1.74167e+07
0.5735 1.7408e+07
0.5745 1.73995e+07
0.5755 1.73911e+07
0.5765 1.73829e+07
0.5775 1.73748e+07
0.5785 1.73668e+07
0.5795 1.73589e+07
0.5805 1.7351e+07
0.5815 1.73432e+07
0.5825 1.73354e+07
0.5835 1.73276e+07
0.5845 1.73199e+07
0.5855 1.7312e+07
0.5865 1.73042e+07
0.5875 1.72963e+07
0.5885 1.72883e+07
0.5895 1.72802e+07
0.5905 1.72721e+07
0.5915 1.72639e+07
0.5925 1.72556e+07
0.5935 1.72472e+07
0.5945 1.72388e+07
0.5955 1.72302e+07
0.5965 1.72217e+07
0.5975 1.7213e+07
0.5985 1.72043e+07
0.5995 1.71956e+07
0.6005 1.71869e+07
0.6015 1.71782e+07
0.6025 1.71695e+07
0.6035 1.71608e+07
0.6045 1.71522e+07
0.6055 1.71437e+07
0.6065 1.71353e+07
0.6075 1.71269e+07
0.6085 1.71188e+07
0.6095 1.71107e+07
0.6105 1.71028e+07
0.6115 1.70951e+07
0.6125 1.70875e+07
0.6135 1.70801e+07
0.6145 1.70728e+07
0.6155 1.70657e+07
0.6165 1.70587e+07
0.6175 1.70518e+07
0.6185 1.7045e+07
0.6195 1.70384e+07
0.6205 1.70318e+07
0.6215 1.70252e+07
0.6225 1.70186e+07
0.6235 1.7012e+07
0.6245 1.70055e+07
0.6255 1.69988e+07
0.6265 1.69921e+07
0.6275 1.69853e+07
0.6285 1.69784e+07
0.6295 1.69715e+07
0.6305 1.69644e+07
0.6315 1.69572e+07
0.6325 1.695e+07
0.6335 1.69427e+07
0.6345 1.69353e+07
0.6355 1.6928e+07
0.6365 1.69206e+07
0.6375 1.69132e+07
0.6385 1.6906e+07
0.6395 1.68987e+07
0.6405 1.68917e+07
0.6415 1.68847e+07
0.6425 1.68779e+07
0.6435 1.68714e+07
0.6445 1.6865e+07
0.6455 1.68589e+07
0.6465 1.6853e+07
0.6475 1.68474e+07
0.6485 1.6842e+07
0.6495 1.68369e+07
0.6505 1.6832e+07
0.6515 1.68273e+07
0.6525 1.68229e+07
0.6535 1.68187e+07
0.6545 1.68147e+07
0.6555 1.68109e+07
0.6565 1.68072e+07
0.6575 1.68036e+07
0.6585 1.68001e+07
0.6595 1.67966e+07
0.6605 1.67933e+07
0.6615 1.67899e+07
0.6625 1.67865e+07
0.6635 1.67831e+07
0.6645 1.67797e+07
0.6655 1.67762e+07
0.6665 1.67727e+07
0.6675 1.6769e+07
0.6685 1.67653e+07
0.6695 1.67615e+07
0.6705 1.67575e+07
0.6715 1.67535e+07
0.6725 1.67493e+07
0.6735 1.6745e+07
0.6745 1.67406e+07
0.6755 1.67361e+07
0.6765 1.67315e+07
0.6775 1.67268e+07
0.6785 1.6722e+07
0.6795 1.6717e+07
0.6805 1.6712e+07
0.6815 1.67069e+07
0.6825 1.67018e+07
0.6835 1.66965e+07
0.6845 1.66912e+07
0.6855 1.66859e+07
0.6865 1.66805e+07
0.6875 1.66751e+07
0.6885 1.66697e+07
0.6895 1.66642e+07
0.6905 1.66588e+07
0.6915 1.66534e+07
0.6925 1.6648e+07
0.6935 1.66427e+07
0.6945 1.66375e+07
0.6955 1.66323e+07
0.6965 1.66273e+07
0.6975 1.66225e+07
0.6985 1.66178e+07
0.6995 1.66133e+07
0.7005 1.6609e+07
0.7015 1.6605e+07
0.7025 1.66013e+07
0.7035 1.65978e+07
0.7045 1.65947e+07
0.7055 1.65919e+07
0.7065 1.65894e+07
0.7075 1.65872e+07
0.7085 1.65853e+07
0.7095 1.65838e+07
0.7105 1.65825e+07
0.7115 1.65815e+07
0.7125 1.65807e+07
0.7135 1.65802e+07
0.7145 1.65798e+07
0.7155 1.65795e+07
0.7165 1.65793e+07
0.7175 1.65792e+07
0.7185 1.6579e+07
0.7195 1.65789e+07
0.7205 1.65787e+07
0.7215 1.65784e+07
0.7225 1.65781e+07
0.7235 1.65776e+07
0.7245 1.65771e+07
0.7255 1.65764e+07
0.7265 1.65756e+07
0.7275 1.65747e+07
0.7285 1.65736e+07
0.7295 1.65724e+07
0.7305 1.65711e+07
0.7315 1.65696e+07
0.7325 1.6568e+07
0.7335 1.65662e+07
0.7345 1.65642e+07
0.7355 1.65621e+07
0.7365 1.65598e+07
0.7375 1.65574e+07
0.7385 1.65548e+07
0.7395 1.6552e+07
0.7405 1.65491e+07
0.7415 1.65461e+07
0.7425 1.65429e+07
0.7435 1.65397e+07
0.7445 1.65364e+07
0.7455 1.6533e+07
0.7465 1.65296e+07
0.7475 1.65262e+07
0.7485 1.65227e+07
0.7495 1.65193e+07
0.7505 1.65158e+07
0.7515 1.65123e+07
0.7525 1.65088e+07
0.7535 1.65053e+07
0.7545 1.65017e+07
0.7555 1.64981e+07
0.7565 1.64943e+07
0.7575 1.64906e+07
0.7585 1.64867e+07
0.7595 1.64828e+07
0.7605 1.64788e+07
0.7615 1.64748e+07
0.7625 1.64708e+07
0.7635 1.64668e+07
0.7645 1.64628e+07
0.7655 1.64589e+07
0.7665 1.64551e+07
0.7675 1.64513e+07
0.7685 1.64476e+07
0.7695 1.6444e+07
0.7705 1.64404e+07
0.7715 1.64369e+07
0.7725 1.64334e+07
0.7735 1.64299e+07
0.7745 1.64263e+07
0.7755 1.64227e+07
0.7765 1.64191e+07
0.7775 1.64153e+07
0.7785 1.64115e+07
0.7795 1.64077e+07
0.7805 1.64039e+07
0.7815 1.64002e+07
0.7825 1.63966e+07
0.7835 1.63932e+07
0.7845 1.63901e+07
0.7855 1.63873e+07
0.7865 1.6385e+07
0.7875 1.63831e+07
0.7885 1.63817e+07
0.7895 1.63809e+07
0.7905 1.63805e+07
0.7915 1.63807e+07
0.7925 1.63814e+07
0.7935 1.63825e+07
0.7945 1.63839e+07
0.7955 1.63854e+07
0.7965 1.6387e+07
0.7975 1.63885e+07
0.7985 1.63896e+07
0.7995 1.63902e+07
0.8005 1.63901e+07
0.8015 1.63892e+07
0.8025 1.63872e+07
0.8035 1.63843e+07
0.8045 1.63803e+07
0.8055 1.63755e+07
0.8065 1.63702e+07
0.8075 1.63648e+07
0.8085 1.63598e+07
0.8095 1.6356e+07
0.8105 1.63538e+07
0.8115 1.63536e+07
0.8125 1.63555e+07
0.8135 1.63592e+07
0.8145 1.63638e+07
0.8155 1.6368e+07
0.8165 1.63699e+07
0.8175 1.63674e+07
0.8185 1.63595e+07
0.8195 1.63474e+07
0.8205 1.6336e+07
0.8215 1.6331e+07
0.8225 1.63341e+07
0.8235 1.63426e+07
0.8245 1.63591e+07
0.8255 1.63734e+07
0.8265 1.6383e+07
0.8275 1.68684e+07
0.8285 1.6839e+07
0.8295 1.6416e+07
0.8305 1.64115e+07
0.8315 1.64325e+07
0.8325 1.64495e+07
0.8335 1.64669e+07
0.8345 1.64855e+07
0.8355 1.65045e+07
0.8365 1.65239e+07
0.8375 1.65443e+07
0.8385 1.65659e+07
0.8395 1.6589e+07
0.8405 1.66135e+07
0.8415 1.66394e+07
0.8425 1.66666e+07
0.8435 1.66952e+07
0.8445 1.67252e+07
0.8455 1.67566e+07
0.8465 1.67894e+07
0.8475 1.68236e+07
0.8485 1.68591e+07
0.8495 1.68958e+07
0.8505 1.69335e+07
0.8515 1.69718e+07
0.8525 1.70097e+07
0.8535 1.70451e+07
0.8545 1.7074e+07
0.8555 1.70887e+07
0.8565 1.70739e+07
0.8575 1.70012e+07
0.8585 1.68174e+07
0.8595 1.64252e+07
0.8605 1.5654e+07
0.8615 1.42292e+07
0.8625 1.17934e+07
0.8635 8.13738e+06
0.8645 3.86323e+06
0.8655 876748
0.8665 134702
0.8675 100407
0.8685 100005
0.8695 100000
0.8705 100000
0.8715 100000
0.8725 100000
0.8735 100000
0.8745 100000
0.8755 100000
0.8765 100000
0.8775 100000
0.8785 100000
0.8795 100000
0.8805 100000
0.8815 100000
0.8825 100000
0.8835 100000
0.8845 100000
0.8855 100000
0.8865 100000
0.8875 100000
0.8885 100000
0.8895 100000
0.8905 100000
0.8915 100000
0.8925 100000
0.8935 100000
0.8945 100000
0.8955 100000
0.8965 100000
0.8975 100000
0.8985 100000
0.8995 100000
0.9005 100000
0.9015 100000
0.9025 100000
0.9035 100000
0.9045 100000
0.9055 100000
0.9065 100000
0.9075 100000
0.9085 100000
0.9095 100000
0.9105 100000
0.9115 100000
0.9125 100000
0.9135 100000
0.9145 100000
0.9155 100000
0.9165 100000
0.9175 100000
0.9185 100000
0.9195 100000
0.9205 100000
0.9215 100000
0.9225 100000
0.9235 100000
0.9245 100000
0.9255 100000
0.9265 100000
0.9275 100000
0.9285 100000
0.9295 100000
0.9305 100000
0.9315 100000
0.9325 100000
0.9335 100000
0.9345 100000
0.9355 100000
0.9365 100000
0.9375 100000
0.9385 100000
0.9395 100000
0.9405 100000
0.9415 100000
0.9425 100000
0.9435 100000
0.9445 100000
0.9455 100000
0.9465 100000
0.9475 100000
0.9485 100000
0.9495 100000
0.9505 100000
0.9515 100000
0.9525 100000
0.9535 100000
0.9545 100000
0.9555 100000
0.9565 100000
0.9575 100000
0.9585 100000
0.9595 100000
0.9605 100000
0.9615 100000
0.9625 100000
0.9635 100000
0.9645 100000
0.9655 100000
0.9665 100000
0.9675 100000
0.9685 100000
0.9695 100000
0.9705 100000
0.9715 100000
0.9725 100000
0.9735 100000
0.9745 100000
0.9755 100000
0.9765 100000
0.9775 100000
0.9785 100000
0.9795 100000
0.9805 100000
0.9815 100000
0.9825 100000
0.9835 100000
0.9845 100000
0.9855 100000
0.9865 100000
0.9875 100000
0.9885 100000
0.9895 100000
0.9905 100000
0.9915 100000
0.9925 100000
0.9935 100000
0.9945 100000
0.9955 100000
0.9965 100000
0.9975 100000
0.9985 100000
0.9995 100000
