0.0005 1000
0.0015 1000
0.0025 1000
0.0035 1000
0.0045 1000
0.0055 1000
0.0065 1000
0.0075 1000
0.0085 1000
0.0095 1000
0.0105 1000
0.0115 1000
0.0125 1000
0.0135 1000
0.0145 1000
0.0155 1000
0.0165 1000
0.0175 1000
0.0185 1000
0.0195 1000
0.0205 1000
0.0215 1000
0.0225 1000
0.0235 1000
0.0245 1000
0.0255 999.999
0.0265 999.999
0.0275 999.999
0.0285 999.998
0.0295 999.998
0.0305 999.997
0.0315 999.995
0.0325 999.993
0.0335 999.991
0.0345 999.987
0.0355 999.983
0.0365 999.977
0.0375 999.969
0.0385 999.959
0.0395 999.946
0.0405 999.93
0.0415 999.911
0.0425 999.887
0.0435 999.857
0.0445 999.821
0.0455 999.779
0.0465 999.728
0.0475 999.669
0.0485 999.599
0.0495 999.519
0.0505 999.428
0.0515 999.324
0.0525 999.206
0.0535 999.075
0.0545 998.93
0.0555 998.769
0.0565 998.593
0.0575 998.401
0.0585 998.193
0.0595 997.97
0.0605 997.731
0.0615 997.476
0.0625 997.205
0.0635 996.92
0.0645 996.62
0.0655 996.305
0.0665 995.976
0.0675 995.635
0.0685 995.28
0.0695 994.913
0.0705 994.534
0.0715 994.144
0.0725 993.743
0.0735 993.333
0.0745 992.912
0.0755 992.483
0.0765 992.045
0.0775 991.599
0.0785 991.145
0.0795 990.684
0.0805 990.217
0.0815 989.742
0.0825 989.262
0.0835 988.776
0.0845 988.285
0.0855 987.789
0.0865 987.288
0.0875 986.782
0.0885 986.272
0.0895 985.759
0.0905 985.241
0.0915 984.72
0.0925 984.195
0.0935 983.667
0.0945 983.137
0.0955 982.603
0.0965 982.067
0.0975 981.528
0.0985 980.986
0.0995 980.443
0.1005 979.897
0.1015 979.349
0.1025 978.799
0.1035 978.247
0.1045 977.693
0.1055 977.137
0.1065 976.58
0.1075 976.021
0.1085 975.461
0.1095 974.899
0.1105 974.336
0.1115 973.772
0.1125 973.206
0.1135 972.639
0.1145 972.071
0.1155 971.501
0.1165 970.931
0.1175 970.359
0.1185 969.787
0.1195 969.213
0.1205 968.639
0.1215 968.063
0.1225 967.487
0.1235 966.91
0.1245 966.331
0.1255 965.753
0.1265 965.173
0.1275 964.592
0.1285 964.011
0.1295 963.429
0.1305 962.846
0.1315 962.263
0.1325 961.679
0.1335 961.094
0.1345 960.509
0.1355 959.922
0.1365 959.336
0.1375 958.748
0.1385 958.161
0.1395 957.572
0.1405 956.983
0.1415 956.393
0.1425 955.803
0.1435 955.212
0.1445 954.621
0.1455 954.029
0.1465 953.437
0.1475 952.844
0.1485 952.251
0.1495 951.657
0.1505 951.063
0.1515 950.468
0.1525 949.873
0.1535 949.277
0.1545 948.681
0.1555 948.084
0.1565 947.487
0.1575 946.889
0.1585 946.291
0.1595 945.693
0.1605 945.094
0.1615 944.495
0.1625 943.895
0.1635 943.295
0.1645 942.695
0.1655 942.094
0.1665 941.493
0.1675 940.891
0.1685 940.289
0.1695 939.686
0.1705 939.083
0.1715 938.48
0.1725 937.877
0.1735 937.272
0.1745 936.668
0.1755 936.063
0.1765 935.458
0.1775 934.853
0.1785 934.247
0.1795 933.641
0.1805 933.034
0.1815 932.427
0.1825 931.82
0.1835 931.212
0.1845 930.604
0.1855 929.996
0.1865 929.387
0.1875 928.778
0.1885 928.168
0.1895 927.559
0.1905 926.949
0.1915 926.338
0.1925 925.727
0.1935 925.116
0.1945 924.505
0.1955 923.893
0.1965 923.281
0.1975 922.669
0.1985 922.056
0.1995 921.443
0.2005 920.829
0.2015 920.216
0.2025 919.602
0.2035 918.987
0.2045 918.373
0.2055 917.758
0.2065 917.143
0.2075 916.527
0.2085 915.911
0.2095 915.295
0.2105 914.678
0.2115 914.061
0.2125 913.444
0.2135 912.827
0.2145 912.209
0.2155 911.591
0.2165 910.973
0.2175 910.354
0.2185 909.735
0.2195 909.116
0.2205 908.497
0.2215 907.877
0.2225 907.257
0.2235 906.636
0.2245 906.016
0.2255 905.395
0.2265 904.774
0.2275 904.152
0.2285 903.53
0.2295 902.908
0.2305 902.286
0.2315 901.663
0.2325 901.041
0.2335 900.418
0.2345 899.794
0.2355 899.17
0.2365 898.547
0.2375 897.922
0.2385 897.298
0.2395 896.673
0.2405 896.048
0.2415 895.423
0.2425 894.798
0.2435 894.172
0.2445 893.546
0.2455 892.92
0.2465 892.294
0.2475 891.667
0.2485 891.04
0.2495 890.413
0.2505 889.786
0.2515 889.158
0.2525 888.53
0.2535 887.902
0.2545 887.274
0.2555 886.646
0.2565 886.017
0.2575 885.388
0.2585 884.759
0.2595 884.13
0.2605 883.501
0.2615 882.871
0.2625 882.241
0.2635 881.611
0.2645 880.981
0.2655 880.351
0.2665 879.721
0.2675 879.09
0.2685 878.459
0.2695 877.828
0.2705 877.197
0.2715 876.566
0.2725 875.935
0.2735 875.303
0.2745 874.671
0.2755 874.04
0.2765 873.408
0.2775 872.776
0.2785 872.144
0.2795 871.512
0.2805 870.88
0.2815 870.247
0.2825 869.615
0.2835 868.983
0.2845 868.35
0.2855 867.718
0.2865 867.085
0.2875 866.453
0.2885 865.82
0.2895 865.188
0.2905 864.555
0.2915 863.923
0.2925 863.29
0.2935 862.658
0.2945 862.025
0.2955 861.393
0.2965 860.761
0.2975 860.129
0.2985 859.497
0.2995 858.865
0.3005 858.233
0.3015 857.602
0.3025 856.97
0.3035 856.339
0.3045 855.708
0.3055 855.077
0.3065 854.447
0.3075 853.816
0.3085 853.186
0.3095 852.557
0.3105 851.927
0.3115 851.298
0.3125 850.67
0.3135 850.041
0.3145 849.414
0.3155 848.786
0.3165 848.159
0.3175 847.533
0.3185 846.907
0.3195 846.282
0.3205 845.657
0.3215 845.033
0.3225 844.41
0.3235 843.788
0.3245 843.166
0.3255 842.545
0.3265 841.925
0.3275 841.305
0.3285 840.687
0.3295 840.07
0.3305 839.454
0.3315 838.838
0.3325 838.224
0.3335 837.611
0.3345 837
0.3355 836.39
0.3365 835.781
0.3375 835.174
0.3385 834.568
0.3395 833.964
0.3405 833.361
0.3415 832.761
0.3425 832.162
0.3435 831.565
0.3445 830.97
0.3455 830.377
0.3465 829.787
0.3475 829.199
0.3485 828.614
0.3495 828.031
0.3505 827.451
0.3515 826.873
0.3525 826.299
0.3535 825.728
0.3545 825.16
0.3555 824.596
0.3565 824.035
0.3575 823.478
0.3585 822.925
0.3595 822.376
0.3605 821.831
0.3615 821.291
0.3625 820.755
0.3635 820.225
0.3645 819.699
0.3655 819.179
0.3665 818.665
0.3675 818.157
0.3685 817.654
0.3695 817.158
0.3705 816.669
0.3715 816.186
0.3725 815.711
0.3735 815.243
0.3745 814.783
0.3755 814.331
0.3765 813.888
0.3775 813.453
0.3785 813.027
0.3795 812.611
0.3805 812.204
0.3815 811.808
0.3825 811.422
0.3835 811.046
0.3845 810.681
0.3855 810.328
0.3865 809.986
0.3875 809.656
0.3885 809.338
0.3895 809.032
0.3905 808.74
0.3915 808.459
0.3925 808.192
0.3935 807.938
0.3945 807.698
0.3955 807.47
0.3965 807.257
0.3975 807.056
0.3985 806.869
0.3995 806.696
0.4005 806.535
0.4015 806.388
0.4025 806.253
0.4035 806.131
0.4045 806.022
0.4055 805.924
0.4065 805.838
0.4075 805.763
0.4085 805.698
0.4095 805.644
0.4105 805.599
0.4115 805.563
0.4125 805.535
0.4135 805.515
0.4145 805.502
0.4155 805.495
0.4165 805.495
0.4175 805.499
0.4185 805.508
0.4195 805.521
0.4205 805.537
0.4215 805.556
0.4225 805.578
0.4235 805.6
0.4245 805.625
0.4255 805.65
0.4265 805.675
0.4275 805.701
0.4285 805.726
0.4295 805.751
0.4305 805.774
0.4315 805.797
0.4325 805.819
0.4335 805.84
0.4345 805.859
0.4355 805.876
0.4365 805.892
0.4375 805.906
0.4385 805.919
0.4395 805.93
0.4405 805.94
0.4415 805.947
0.4425 805.954
0.4435 805.959
0.4445 805.962
0.4455 805.964
0.4465 805.965
0.4475 805.964
0.4485 805.963
0.4495 805.96
0.4505 805.957
0.4515 805.952
0.4525 805.947
0.4535 805.941
0.4545 805.934
0.4555 805.927
0.4565 805.919
0.4575 805.91
0.4585 805.902
0.4595 805.892
0.4605 805.883
0.4615 805.873
0.4625 805.863
0.4635 805.853
0.4645 805.843
0.4655 805.833
0.4665 805.823
0.4675 805.812
0.4685 805.802
0.4695 805.791
0.4705 805.781
0.4715 805.771
0.4725 805.761
0.4735 805.75
0.4745 805.74
0.4755 805.73
0.4765 805.72
0.4775 805.71
0.4785 805.7
0.4795 805.69
0.4805 805.68
0.4815 805.671
0.4825 805.661
0.4835 805.651
0.4845 805.642
0.4855 805.632
0.4865 805.623
0.4875 805.614
0.4885 805.604
0.4895 805.595
0.4905 805.586
0.4915 805.577
0.4925 805.568
0.4935 805.56
0.4945 805.551
0.4955 805.543
0.4965 805.534
0.4975 805.526
0.4985 805.518
0.4995 805.511
0.5005 805.503
0.5015 805.495
0.5025 805.488
0.5035 805.481
0.5045 805.474
0.5055 805.467
0.5065 805.46
0.5075 805.453
0.5085 805.447
0.5095 805.44
0.5105 805.434
0.5115 805.428
0.5125 805.421
0.5135 805.415
0.5145 805.409
0.5155 805.403
0.5165 805.397
0.5175 805.391
0.5185 805.385
0.5195 805.379
0.5205 805.373
0.5215 805.367
0.5225 805.361
0.5235 805.355
0.5245 805.349
0.5255 805.343
0.5265 805.336
0.5275 805.33
0.5285 805.324
0.5295 805.318
0.5305 805.312
0.5315 805.305
0.5325 805.299
0.5335 805.293
0.5345 805.287
0.5355 805.28
0.5365 805.274
0.5375 805.268
0.5385 805.261
0.5395 805.255
0.5405 805.249
0.5415 805.243
0.5425 805.237
0.5435 805.231
0.5445 805.225
0.5455 805.219
0.5465 805.213
0.5475 805.207
0.5485 805.201
0.5495 805.195
0.5505 805.19
0.5515 805.184
0.5525 805.179
0.5535 805.173
0.5545 805.168
0.5555 805.163
0.5565 805.158
0.5575 805.153
0.5585 805.148
0.5595 805.143
0.5605 805.139
0.5615 805.134
0.5625 805.129
0.5635 805.125
0.5645 805.121
0.5655 805.116
0.5665 805.112
0.5675 805.108
0.5685 805.104
0.5695 805.1
0.5705 805.096
0.5715 805.092
0.5725 805.088
0.5735 805.085
0.5745 805.081
0.5755 805.077
0.5765 805.074
0.5775 805.07
0.5785 805.066
0.5795 805.063
0.5805 805.059
0.5815 805.056
0.5825 805.052
0.5835 805.048
0.5845 805.045
0.5855 805.041
0.5865 805.038
0.5875 805.034
0.5885 805.03
0.5895 805.026
0.5905 805.023
0.5915 805.019
0.5925 805.015
0.5935 805.011
0.5945 805.007
0.5955 805.003
0.5965 804.999
0.5975 804.995
0.5985 804.991
0.5995 804.987
0.6005 804.983
0.6015 804.979
0.6025 804.975
0.6035 804.971
0.6045 804.966
0.6055 804.962
0.6065 804.958
0.6075 804.954
0.6085 804.95
0.6095 804.946
0.6105 804.942
0.6115 804.938
0.6125 804.934
0.6135 804.931
0.6145 804.927
0.6155 804.923
0.6165 804.919
0.6175 804.915
0.6185 804.912
0.6195 804.908
0.6205 804.904
0.6215 804.9
0.6225 804.897
0.6235 804.893
0.6245 804.889
0.6255 804.885
0.6265 804.881
0.6275 804.877
0.6285 804.873
0.6295 804.869
0.6305 804.865
0.6315 804.861
0.6325 804.857
0.6335 804.853
0.6345 804.848
0.6355 804.844
0.6365 804.84
0.6375 804.835
0.6385 804.831
0.6395 804.827
0.6405 804.822
0.6415 804.818
0.6425 804.814
0.6435 804.81
0.6445 804.806
0.6455 804.801
0.6465 804.797
0.6475 804.793
0.6485 804.789
0.6495 804.785
0.6505 804.782
0.6515 804.778
0.6525 804.774
0.6535 804.77
0.6545 804.766
0.6555 804.763
0.6565 804.759
0.6575 804.755
0.6585 804.751
0.6595 804.748
0.6605 804.744
0.6615 804.74
0.6625 804.736
0.6635 804.732
0.6645 804.728
0.6655 804.724
0.6665 804.72
0.6675 804.716
0.6685 804.712
0.6695 804.708
0.6705 804.704
0.6715 804.699
0.6725 804.695
0.6735 804.69
0.6745 804.686
0.6755 804.681
0.6765 804.676
0.6775 804.671
0.6785 804.666
0.6795 804.661
0.6805 804.656
0.6815 804.651
0.6825 804.646
0.6835 804.641
0.6845 804.635
0.6855 804.63
0.6865 804.624
0.6875 804.619
0.6885 804.613
0.6895 804.608
0.6905 804.602
0.6915 804.596
0.6925 804.59
0.6935 804.584
0.6945 804.578
0.6955 804.572
0.6965 804.566
0.6975 804.56
0.6985 804.554
0.6995 804.548
0.7005 804.542
0.7015 804.536
0.7025 804.53
0.7035 804.524
0.7045 804.518
0.7055 804.512
0.7065 804.506
0.7075 804.5
0.7085 804.493
0.7095 804.487
0.7105 804.481
0.7115 804.475
0.7125 804.469
0.7135 804.463
0.7145 804.456
0.7155 804.45
0.7165 804.444
0.7175 804.437
0.7185 804.43
0.7195 804.424
0.7205 804.417
0.7215 804.409
0.7225 804.402
0.7235 804.395
0.7245 804.387
0.7255 804.379
0.7265 804.371
0.7275 804.363
0.7285 804.354
0.7295 804.346
0.7305 804.337
0.7315 804.327
0.7325 804.318
0.7335 804.308
0.7345 804.298
0.7355 804.288
0.7365 804.278
0.7375 804.267
0.7385 804.256
0.7395 804.244
0.7405 804.233
0.7415 804.221
0.7425 804.208
0.7435 804.196
0.7445 804.183
0.7455 804.169
0.7465 804.156
0.7475 804.142
0.7485 804.127
0.7495 804.112
0.7505 804.097
0.7515 804.081
0.7525 804.065
0.7535 804.048
0.7545 804.031
0.7555 804.014
0.7565 803.995
0.7575 803.976
0.7585 803.957
0.7595 803.937
0.7605 803.916
0.7615 803.894
0.7625 803.871
0.7635 803.848
0.7645 803.824
0.7655 803.799
0.7665 803.773
0.7675 803.746
0.7685 803.717
0.7695 803.688
0.7705 803.657
0.7715 803.624
0.7725 803.59
0.7735 803.555
0.7745 803.517
0.7755 803.477
0.7765 803.435
0.7775 803.391
0.7785 803.343
0.7795 803.293
0.7805 803.24
0.7815 803.183
0.7825 803.123
0.7835 803.06
0.7845 802.993
0.7855 802.923
0.7865 802.85
0.7875 802.776
0.7885 802.701
0.7895 802.628
0.7905 802.558
0.7915 802.496
0.7925 802.445
0.7935 802.41
0.7945 802.398
0.7955 802.418
0.7965 802.48
0.7975 802.594
0.7985 802.774
0.7995 803.038
0.8005 803.405
0.8015 803.896
0.8025 804.538
0.8035 805.363
0.8045 806.406
0.8055 807.711
0.8065 809.33
0.8075 811.325
0.8085 813.773
0.8095 816.765
0.8105 820.418
0.8115 824.875
0.8125 830.315
0.8135 836.969
0.8145 845.132
0.8155 855.189
0.8165 867.653
0.8175 883.221
0.8185 902.874
0.8195 928.048
0.8205 960.935
0.8215 1005
0.8225 1065.92
0.8235 1153.72
0.8245 1288.6
0.8255 1513.89
0.8265 1965.23
0.8275 3345.87
0.8285 8352.72
0.8295 7910.31
0.8305 7369.84
0.8315 6933.46
0.8325 6539.56
0.8335 6193.74
0.8345 5889.93
0.8355 5621.43
0.8365 5382.92
0.8375 5170.14
0.8385 4979.61
0.8395 4808.49
0.8405 4654.37
0.8415 4515.23
0.8425 4389.32
0.8435 4275.13
0.8445 4171.35
0.8455 4076.84
0.8465 3990.58
0.8475 3911.66
0.8485 3839.26
0.8495 3772.62
0.8505 3711.02
0.8515 3653.76
0.8525 3600.16
0.8535 3549.46
0.8545 3500.83
0.8555 3453.29
0.8565 3405.57
0.8575 3355.95
0.8585 3301.87
0.8595 3239.2
0.8605 3160.9
0.8615 3054.4
0.8625 2895.39
0.8635 2629.62
0.8645 2125.15
0.8655 1467.83
0.8665 1115.9
0.8675 1003.76
0.8685 1000.04
0.8695 1000
0.8705 1000
0.8715 1000
0.8725 1000
0.8735 1000
0.8745 1000
0.8755 1000
0.8765 1000
0.8775 1000
0.8785 1000
0.8795 1000
0.8805 1000
0.8815 1000
0.8825 1000
0.8835 1000
0.8845 1000
0.8855 1000
0.8865 1000
0.8875 1000
0.8885 1000
0.8895 1000
0.8905 1000
0.8915 1000
0.8925 1000
0.8935 1000
0.8945 1000
0.8955 1000
0.8965 1000
0.8975 1000
0.8985 1000
0.8995 1000
0.9005 1000
0.9015 1000
0.9025 1000
0.9035 1000
0.9045 1000
0.9055 1000
0.9065 1000
0.9075 1000
0.9085 1000
0.9095 1000
0.9105 1000
0.9115 1000
0.9125 1000
0.9135 1000
0.9145 1000
0.9155 1000
0.9165 1000
0.9175 1000
0.9185 1000
0.9195 1000
0.9205 1000
0.9215 1000
0.9225 1000
0.9235 1000
0.9245 1000
0.9255 1000
0.9265 1000
0.9275 1000
0.9285 1000
0.9295 1000
0.9305 1000
0.9315 1000
0.9325 1000
0.9335 1000
0.9345 1000
0.9355 1000
0.9365 1000
0.9375 1000
0.9385 1000
0.9395 1000
0.9405 1000
0.9415 1000
0.9425 1000
0.9435 1000
0.9445 1000
0.9455 1000
0.9465 1000
0.9475 1000
0.9485 1000
0.9495 1000
0.9505 1000
0.9515 1000
0.9525 1000
0.9535 1000
0.9545 1000
0.9555 1000
0.9565 1000
0.9575 1000
0.9585 1000
0.9595 1000
0.9605 1000
0.9615 1000
0.9625 1000
0.9635 1000
0.9645 1000
0.9655 1000
0.9665 1000
0.9675 1000
0.9685 1000
0.9695 1000
0.9705 1000
0.9715 1000
0.9725 1000
0.9735 1000
0.9745 1000
0.9755 1000
0.9765 1000
0.9775 1000
0.9785 1000
0.9795 1000
0.9805 1000
0.9815 1000
0.9825 1000
0.9835 1000
0.9845 1000
0.9855 1000
0.9865 1000
0.9875 1000
0.9885 1000
0.9895 1000
0.9905 1000
0.9915 1000
0.9925 1000
0.9935 1000
0.9945 1000
0.9955 1000
0.9965 1000
0.9975 1000
0.9985 1000
0.9995 1000
