0.00125 1 0 100000 0.294865 300.339 29382.7 -0.49875
0.00375 1 0 100000 0.294865 300.339 29382.7 -0.49625
0.00625 1 0 100000 0.294865 300.339 29382.7 -0.49375
0.00875 1 0 100000 0.294865 300.339 29382.7 -0.49125
0.01125 1 0 100000 0.294865 300.339 29382.7 -0.48875
0.01375 1 0 100000 0.294865 300.339 29382.7 -0.48625
0.01625 1 0 100000 0.294865 300.339 29382.7 -0.48375
0.01875 1 0 100000 0.294865 300.339 29382.7 -0.48125
0.02125 1 0 100000 0.294865 300.339 29382.7 -0.47875
0.02375 1 0 100000 0.294865 300.339 29382.7 -0.47625
0.02625 1 0 100000 0.294865 300.339 29382.7 -0.47375
0.02875 1 0 100000 0.294865 300.339 29382.7 -0.47125
0.03125 1 0 100000 0.294865 300.339 29382.7 -0.46875
0.03375 1 0 100000 0.294865 300.339 29382.7 -0.46625
0.03625 1 0 100000 0.294865 300.339 29382.7 -0.46375
0.03875 1 0 100000 0.294865 300.339 29382.7 -0.46125
0.04125 1 0 100000 0.294865 300.339 29382.7 -0.45875
0.04375 1 0 100000 0.294865 300.339 29382.7 -0.45625
0.04625 1 0 100000 0.294865 300.339 29382.7 -0.45375
0.04875 1 0 100000 0.294865 300.339 29382.7 -0.45125
0.05125 1 0 100000 0.294865 300.339 29382.7 -0.44875
0.05375 1 0 100000 0.294865 300.339 29382.7 -0.44625
0.05625 1 0 100000 0.294865 300.339 29382.7 -0.44375
0.05875 1 0 100000 0.294865 300.339 29382.7 -0.44125
0.06125 1 0 100000 0.294865 300.339 29382.7 -0.43875
0.06375 1 0 100000 0.294865 300.339 29382.7 -0.43625
0.06625 1 0 100000 0.294865 300.339 29382.7 -0.43375
0.06875 1 0 100000 0.294865 300.339 29382.7 -0.43125
0.07125 1 0 100000 0.294865 300.339 29382.7 -0.42875
0.07375 1 0 100000 0.294865 300.339 29382.7 -0.42625
0.07625 1 0 100000 0.294865 300.339 29382.7 -0.42375
0.07875 1 0 100000 0.294865 300.339 29382.7 -0.42125
0.08125 1 0 100000 0.294865 300.339 29382.7 -0.41875
0.08375 1 0 100000 0.294865 300.339 29382.7 -0.41625
0.08625 1 0 100000 0.294865 300.339 29382.7 -0.41375
0.08875 1 0 100000 0.294865 300.339 29382.7 -0.41125
0.09125 1 5.4051e-14 100000 0.294865 300.339 29382.7 -0.40875
0.09375 1 2.16204e-13 100000 0.294865 300.339 29382.7 -0.40625
0.09625 1 7.56712e-13 100000 0.294865 300.339 29382.7 -0.40375
0.09875 1 2.25212e-12 100000 0.294865 300.339 29382.7 -0.40125
0.10125 1 6.378e-12 100000 0.294865 300.339 29382.7 -0.39875
0.10375 1 1.77647e-11 100000 0.294865 300.339 29382.7 -0.39625
0.10625 1 4.83394e-11 100000 0.294865 300.339 29382.7 -0.39375
0.10875 1 1.28623e-10 100000 0.294865 300.339 29382.7 -0.39125
0.11125 1 3.35061e-10 100000 0.294865 300.339 29382.7 -0.38875
0.11375 1 8.55192e-10 100000 0.294865 300.339 29382.7 -0.38625
0.11625 1 2.1387e-09 100000 0.294865 300.339 29382.7 -0.38375
0.11875 1 5.24127e-09 100000 0.294865 300.339 29382.7 -0.38125
0.12125 1 1.25895e-08 100000 0.294865 300.339 29382.7 -0.37875
0.12375 1 2.96433e-08 100000 0.294865 300.339 29382.7 -0.37625
0.12625 1 6.84303e-08 100000 0.294865 300.339 29382.7 -0.37375
0.12875 1 1.54893e-07 100000 0.294865 300.339 29382.7 -0.37125
0.13125 1 3.43822e-07 100000 0.294865 300.339 29382.7 -0.36875
0.13375 1 7.48524e-07 100000 0.294865 300.339 29382.7 -0.36625
0.13625 1 1.59845e-06 100000 0.294865 300.339 29382.7 -0.36375
0.13875 1 3.34858e-06 100000 0.294865 300.339 29382.7 -0.36125
0.14125 1 6.88241e-06 100000 0.294865 300.339 29382.7 -0.35875
0.14375 1 1.38798e-05 100000 0.294865 300.339 29382.7 -0.35625
0.14625 1 2.74683e-05 100000 0.294865 300.339 29382.7 -0.35375
0.14875 1 5.33492e-05 100000 0.294865 300.339 29382.7 -0.35125
0.15125 1 0.000101698 100000 0.294865 300.339 29382.7 -0.34875
0.15375 0.999999 0.000190293 99999.9 0.294865 300.339 29382.7 -0.34625
0.15625 0.999999 0.00034954 99999.9 0.294865 300.339 29382.7 -0.34375
0.15875 0.999998 0.000630335 99999.8 0.294865 300.339 29382.7 -0.34125
0.16125 0.999997 0.00111604 99999.6 0.294865 300.339 29382.7 -0.33875
0.16375 0.999995 0.00194024 99999.3 0.294865 300.339 29382.7 -0.33625
0.16625 0.999991 0.00331231 99998.8 0.294865 300.339 29382.7 -0.33375
0.16875 0.999985 0.00555315 99997.9 0.294865 300.339 29382.7 -0.33125
0.17125 0.999976 0.00914348 99996.6 0.294865 300.339 29382.7 -0.32875
0.17375 0.99996 0.014787 99994.5 0.294865 300.339 29382.7 -0.32625
0.17625 0.999937 0.0234898 99991.2 0.294865 300.339 29382.7 -0.32375
0.17875 0.999902 0.036656 99986.3 0.294865 300.339 29382.7 -0.32125
0.18125 0.99985 0.0561974 99979 0.294865 300.339 29382.7 -0.318751
0.18375 0.999774 0.0846525 99968.3 0.294865 300.339 29382.7 -0.316251
0.18625 0.999665 0.125305 99953.1 0.294865 300.339 29382.7 -0.313752
0.18875 0.999513 0.182289 99931.8 0.294865 300.339 29382.7 -0.311252
0.19125 0.999304 0.260671 99902.5 0.294865 300.339 29382.7 -0.308754
0.19375 0.999021 0.366483 99863 0.294865 300.339 29382.7 -0.306255
0.19625 0.998646 0.506697 99810.6 0.294865 300.339 29382.7 -0.303758
0.19875 0.99816 0.68913 99742.4 0.294865 300.339 29382.7 -0.301261
0.20125 0.997537 0.922267 99655.4 0.294865 300.339 29382.7 -0.298766
0.20375 0.996757 1.21502 99546.3 0.294865 300.339 29382.7 -0.296272
0.20625 0.995794 1.57642 99411.7 0.294865 300.339 29382.7 -0.29378
0.20875 0.994625 2.01526 99248.4 0.294865 300.339 29382.7 -0.291291
0.21125 0.99323 2.53979 99053.6 0.294865 300.339 29382.7 -0.288804
0.21375 0.991589 3.15735 98824.7 0.294865 300.339 29382.7 -0.286321
0.21625 0.989687 3.87409 98559.5 0.294865 300.339 29382.7 -0.283842
0.21875 0.987512 4.69482 98256.6 0.294865 300.339 29382.7 -0.281368
0.22125 0.985058 5.62286 97915.1 0.294865 300.339 29382.7 -0.278899
0.22375 0.98232 6.65998 97534.6 0.294865 300.339 29382.7 -0.276437
0.22625 0.979301 7.80653 97115.5 0.294865 300.339 29382.7 -0.273981
0.22875 0.976005 9.06148 96658.4 0.294865 300.339 29382.7 -0.271533
0.23125 0.972439 10.4226 96164.8 0.294865 300.339 29382.7 -0.269093
0.23375 0.968615 11.8867 95636.3 0.294865 300.339 29382.7 -0.266662
0.23625 0.964545 13.4498 95074.8 0.294865 300.339 29382.7 -0.264241
0.23875 0.960245 15.1072 94482.4 0.294865 300.339 29382.7 -0.26183
0.24125 0.955728 16.854 93861.5 0.294865 300.339 29382.7 -0.25943
0.24375 0.951012 18.6849 93214.5 0.294865 300.339 29382.7 -0.257041
0.24625 0.946113 20.5945 92543.7 0.294865 300.339 29382.7 -0.254664
0.24875 0.941047 22.5777 91851.5 0.294865 300.339 29382.7 -0.2523
0.25125 0.935828 24.629 91140.1 0.294865 300.339 29382.7 -0.249948
0.25375 0.930473 26.7436 90411.7 0.294865 300.339 29382.7 -0.247609
0.25625 0.924995 28.9166 89668.4 0.294865 300.339 29382.7 -0.245284
0.25875 0.919408 31.1435 88912.1 0.294865 300.339 29382.7 -0.242973
0.26125 0.913723 33.4201 88144.6 0.294865 300.339 29382.7 -0.240676
0.26375 0.907954 35.7423 87367.6 0.294865 300.339 29382.7 -0.238393
0.26625 0.90211 38.1065 86582.5 0.294865 300.339 29382.7 -0.236124
0.26875 0.896201 40.5094 85790.8 0.294865 300.339 29382.7 -0.23387
0.27125 0.890236 42.9477 84993.7 0.294865 300.339 29382.7 -0.231632
0.27375 0.884224 45.4187 84192.4 0.294865 300.339 29382.7 -0.229408
0.27625 0.878171 47.9197 83388.1 0.294865 300.339 29382.7 -0.227199
0.27875 0.872086 50.4484 82581.5 0.294865 300.339 29382.7 -0.225006
0.28125 0.865973 53.0025 81773.6 0.294865 300.339 29382.7 -0.222828
0.28375 0.859838 55.58 80965.2 0.294865 300.339 29382.7 -0.220665
0.28625 0.853688 58.1792 80156.9 0.294865 300.339 29382.7 -0.218518
0.28875 0.847525 60.7984 79349.4 0.294865 300.339 29382.7 -0.216386
0.29125 0.841355 63.436 78543.3 0.294865 300.339 29382.7 -0.21427
0.29375 0.835181 66.0908 77739 0.294865 300.339 29382.7 -0.21217
0.29625 0.829007 68.7613 76937.1 0.294865 300.339 29382.7 -0.210084
0.29875 0.822836 71.4466 76138 0.294865 300.339 29382.7 -0.208015
0.30125 0.81667 74.1455 75341.9 0.294865 300.339 29382.7 -0.205961
0.30375 0.810513 76.8571 74549.3 0.294865 300.339 29382.7 -0.203923
0.30625 0.804366 79.5806 73760.5 0.294865 300.339 29382.7 -0.2019
0.30875 0.798231 82.315 72975.7 0.294865 300.339 29382.7 -0.199892
0.31125 0.792112 85.0598 72195.1 0.294865 300.339 29382.7 -0.1979
0.31375 0.786008 87.8142 71419.1 0.294865 300.339 29382.7 -0.195924
0.31625 0.779922 90.5775 70647.6 0.294865 300.339 29382.7 -0.193963
0.31875 0.773856 93.3494 69881 0.294865 300.339 29382.7 -0.192017
0.32125 0.76781 96.1291 69119.4 0.294865 300.339 29382.7 -0.190086
0.32375 0.761786 98.9163 68363 0.294865 300.339 29382.7 -0.188171
0.32625 0.755785 101.71 67611.7 0.294865 300.339 29382.7 -0.186271
0.32875 0.749807 104.511 66865.8 0.294865 300.339 29382.7 -0.184386
0.33125 0.743855 107.318 66125.3 0.294865 300.339 29382.7 -0.182516
0.33375 0.737928 110.131 65390.4 0.294865 300.339 29382.7 -0.180661
0.33625 0.732027 112.95 64661.1 0.294865 300.339 29382.7 -0.17882
0.33875 0.726153 115.773 63937.4 0.294865 300.339 29382.7 -0.176995
0.34125 0.720306 118.602 63219.4 0.294865 300.339 29382.7 -0.175185
0.34375 0.714488 121.435 62507.1 0.294865 300.339 29382.7 -0.173389
0.34625 0.708698 124.273 61800.7 0.294865 300.339 29382.7 -0.171608
0.34875 0.702937 127.115 61100 0.294865 300.339 29382.7 -0.169841
0.35125 0.697206 129.961 60405.2 0.294865 300.339 29382.7 -0.168089
0.35375 0.691504 132.811 59716.3 0.294865 300.339 29382.7 -0.166352
0.35625 0.685833 135.664 59033.3 0.294865 300.339 29382.7 -0.164629
0.35875 0.680192 138.522 58356.2 0.294865 300.339 29382.7 -0.16292
0.36125 0.674582 141.382 57684.9 0.294865 300.339 29382.7 -0.161225
0.36375 0.669002 144.245 57019.6 0.294865 300.339 29382.7 -0.159544
0.36625 0.663454 147.112 56360.2 0.294865 300.339 29382.7 -0.157878
0.36875 0.657938 149.981 55706.6 0.294865 300.339 29382.7 -0.156225
0.37125 0.652452 152.853 55059 0.294865 300.339 29382.7 -0.154586
0.37375 0.646999 155.728 54417.3 0.294865 300.339 29382.7 -0.152961
0.37625 0.641577 158.605 53781.4 0.294865 300.339 29382.7 -0.15135
0.37875 0.636188 161.485 53151.4 0.294865 300.339 29382.7 -0.149752
0.38125 0.63083 164.367 52527.3 0.294865 300.339 29382.7 -0.148168
0.38375 0.625505 167.251 51909 0.294865 300.339 29382.7 -0.146598
0.38625 0.620212 170.137 51296.5 0.294865 300.339 29382.7 -0.145041
0.38875 0.614951 173.026 50689.8 0.294865 300.339 29382.7 -0.143497
0.39125 0.609722 175.916 50088.9 0.294865 300.339 29382.7 -0.141966
0.39375 0.604526 178.808 49493.7 0.294865 300.339 29382.7 -0.140449
0.39625 0.599363 181.701 48904.3 0.294865 300.339 29382.7 -0.138945
0.39875 0.594232 184.596 48320.6 0.294865 300.339 29382.7 -0.137453
0.40125 0.589134 187.493 47742.5 0.294865 300.339 29382.7 -0.135975
0.40375 0.584068 190.392 47170.1 0.294865 300.339 29382.7 -0.134509
0.40625 0.579034 193.291 46603.4 0.294865 300.339 29382.7 -0.133056
0.40875 0.574034 196.192 46042.3 0.294865 300.339 29382.7 -0.131616
0.41125 0.569066 199.094 45486.7 0.294865 300.339 29382.7 -0.130188
0.41375 0.56413 201.997 44936.7 0.294865 300.339 29382.7 -0.128773
0.41625 0.559228 204.902 44392.2 0.294865 300.339 29382.7 -0.12737
0.41875 0.554358 207.807 43853.2 0.294865 300.339 29382.7 -0.12598
0.42125 0.54952 210.713 43319.7 0.294865 300.339 29382.7 -0.124602
0.42375 0.544715 213.62 42791.7 0.294865 300.339 29382.7 -0.123236
0.42625 0.539944 216.527 42269.1 0.294865 300.339 29382.7 -0.121882
0.42875 0.535204 219.435 41751.8 0.294865 300.339 29382.7 -0.12054
0.43125 0.530498 222.344 41240 0.294865 300.339 29382.7 -0.11921
0.43375 0.525824 225.252 40733.5 0.294865 300.339 29382.7 -0.117891
0.43625 0.521184 228.161 40232.3 0.294865 300.339 29382.7 -0.116585
0.43875 0.516576 231.069 39736.4 0.294865 300.339 29382.7 -0.11529
0.44125 0.512002 233.978 39245.9 0.294865 300.339 29382.7 -0.114007
0.44375 0.50746 236.886 38760.6 0.294865 300.339 29382.7 -0.112735
0.44625 0.502952 239.793 38280.5 0.294865 300.339 29382.7 -0.111475
0.44875 0.498478 242.7 37805.8 0.294865 300.339 29382.7 -0.110226
0.45125 0.494037 245.605 37336.3 0.294865 300.339 29382.7 -0.108988
0.45375 0.489631 248.509 36872 0.294865 300.339 29382.7 -0.107761
0.45625 0.485259 251.411 36413 0.294865 300.339 29382.7 -0.106546
0.45875 0.480921 254.311 35959.3 0.294865 300.339 29382.7 -0.105341
0.46125 0.47662 257.207 35510.9 0.294865 300.339 29382.7 -0.104147
0.46375 0.472354 260.101 35067.8 0.294865 300.339 29382.7 -0.102964
0.46625 0.468125 262.99 34630.2 0.294865 300.339 29382.7 -0.101792
0.46875 0.463935 265.873 34198 0.294865 300.339 29382.7 -0.100631
0.47125 0.459784 268.75 33771.4 0.294865 300.339 29382.7 -0.0994795
0.47375 0.455675 271.619 33350.6 0.294865 300.339 29382.7 -0.0983388
0.47625 0.451609 274.478 32935.8 0.294865 300.339 29382.7 -0.0972083
0.47875 0.447591 277.323 32527.3 0.294865 300.339 29382.7 -0.0960881
0.48125 0.443625 280.153 32125.5 0.294865 300.339 29382.7 -0.0949779
0.48375 0.439718 282.96 31731 0.294865 300.339 29382.7 -0.0938776
0.48625 0.435879 285.737 31344.8 0.294865 300.339 29382.7 -0.0927869
0.48875 0.432123 288.474 30968.2 0.294865 300.339 29382.7 -0.0917059
0.49125 0.428471 291.153 30603.4 0.294865 300.339 29382.7 -0.090634
0.49375 0.424961 293.745 30253.8 0.294865 300.339 29382.7 -0.0895711
0.49625 0.421652 296.205 29925.4 0.294865 300.339 29382.7 -0.0885165
0.49875 0.418649 298.45 29628.3 0.294865 300.339 29382.7 -0.0874696
0.50125 0.416131 300.341 29380 0.294865 300.339 29382.7 -0.0864291
0.50375 0.414378 301.661 29207.8 0.294865 300.339 29382.7 -0.0853931
0.50625 0.413681 302.183 29139.8 0.294865 300.339 29382.7 -0.084359
0.50875 0.413932 301.986 29165.5 0.294865 300.339 29382.7 -0.0833242
0.51125 0.414406 301.619 29213.2 0.294865 300.339 29382.7 -0.0822883
0.51375 0.41473 301.367 29246.1 0.294865 300.339 29382.7 -0.0812515
0.51625 0.414963 301.184 29270 0.294865 300.339 29382.7 -0.0802142
0.51875 0.415137 301.044 29288.2 0.294865 300.339 29382.7 -0.0791764
0.52125 0.415272 300.934 29302.6 0.294865 300.339 29382.7 -0.0781383
0.52375 0.415381 300.844 29314.3 0.294865 300.339 29382.7 -0.0770999
0.52625 0.415469 300.769 29324.1 0.294865 300.339 29382.7 -0.0760613
0.52875 0.415541 300.706 29332.4 0.294865 300.339 29382.7 -0.0750225
0.53125 0.415601 300.653 29339.4 0.294865 300.339 29382.7 -0.0739835
0.53375 0.415649 300.608 29345.3 0.294865 300.339 29382.7 -0.0729444
0.53625 0.415688 300.569 29350.4 0.294865 300.339 29382.7 -0.0719053
0.53875 0.415719 300.537 29354.6 0.294865 300.339 29382.7 -0.070866
0.54125 0.415743 300.51 29358.2 0.294865 300.339 29382.7 -0.0698267
0.54375 0.415761 300.486 29361.3 0.294865 300.339 29382.7 -0.0687874
0.54625 0.415774 300.466 29364 0.294865 300.339 29382.7 -0.067748
0.54875 0.415784 300.448 29366.3 0.294865 300.339 29382.7 -0.0667086
0.55125 0.415789 300.433 29368.3 0.294865 300.339 29382.7 -0.0656692
0.55375 0.415792 300.421 29370 0.294865 300.339 29382.7 -0.0646298
0.55625 0.415791 300.41 29371.4 0.294865 300.339 29382.7 -0.0635904
0.55875 0.415788 300.4 29372.7 0.294865 300.339 29382.7 -0.062551
0.56125 0.415783 300.392 29373.8 0.294865 300.339 29382.7 -0.0615116
0.56375 0.415776 300.385 29374.7 0.294865 300.339 29382.7 -0.0604722
0.56625 0.415767 300.379 29375.6 0.294865 300.339 29382.7 -0.0594329
0.56875 0.415757 300.373 29376.3 0.294865 300.339 29382.7 -0.0583935
0.57125 0.415745 300.368 29377 0.294865 300.339 29382.7 -0.0573543
0.57375 0.415731 300.364 29377.5 0.294865 300.339 29382.7 -0.056315
0.57625 0.415716 300.361 29378 0.294865 300.339 29382.7 -0.0552758
0.57875 0.415699 300.358 29378.4 0.294865 300.339 29382.7 -0.0542366
0.58125 0.415682 300.355 29378.8 0.294865 300.339 29382.7 -0.0531975
0.58375 0.415663 300.353 29379.1 0.294865 300.339 29382.7 -0.0521584
0.58625 0.415642 300.351 29379.4 0.294865 300.339 29382.7 -0.0511194
0.58875 0.415621 300.349 29379.7 0.294865 300.339 29382.7 -0.0500805
0.59125 0.415598 300.348 29379.9 0.294865 300.339 29382.7 -0.0490416
0.59375 0.415573 300.346 29380.1 0.294865 300.339 29382.7 -0.0480028
0.59625 0.415548 300.345 29380.3 0.294865 300.339 29382.7 -0.046964
0.59875 0.415521 300.344 29380.4 0.294865 300.339 29382.7 -0.0459253
0.60125 0.415492 300.343 29380.6 0.294865 300.339 29382.7 -0.0448867
0.60375 0.415462 300.342 29380.7 0.294865 300.339 29382.7 -0.0438482
0.60625 0.41543 300.342 29380.8 0.294865 300.339 29382.7 -0.0428097
0.60875 0.415396 300.341 29380.9 0.294865 300.339 29382.7 -0.0417714
0.61125 0.41536 300.341 29381 0.294865 300.339 29382.7 -0.0407331
0.61375 0.415322 300.34 29381.1 0.294865 300.339 29382.7 -0.039695
0.61625 0.415282 300.34 29381.2 0.294865 300.339 29382.7 -0.0386569
0.61875 0.41524 300.34 29381.3 0.294865 300.339 29382.7 -0.037619
0.62125 0.415195 300.339 29381.4 0.294865 300.339 29382.7 -0.0365812
0.62375 0.415146 300.339 29381.4 0.294865 300.339 29382.7 -0.0355435
0.62625 0.415095 300.339 29381.5 0.294865 300.339 29382.7 -0.034506
0.62875 0.41504 300.339 29381.5 0.294865 300.339 29382.7 -0.0334686
0.63125 0.41498 300.338 29381.6 0.294865 300.339 29382.7 -0.0324313
0.63375 0.414916 300.338 29381.6 0.294865 300.339 29382.7 -0.0313943
0.63625 0.414847 300.338 29381.7 0.294865 300.339 29382.7 -0.0303574
0.63875 0.414772 300.338 29381.7 0.294865 300.339 29382.7 -0.0293207
0.64125 0.41469 300.338 29381.8 0.294865 300.339 29382.7 -0.0282841
0.64375 0.414599 300.338 29381.8 0.294865 300.339 29382.7 -0.0272477
0.64625 0.4145 300.338 29381.9 0.294865 300.339 29382.7 -0.0262113
0.64875 0.414391 300.338 29381.9 0.294865 300.339 29382.7 -0.0251748
0.65125 0.414269 300.338 29382 0.294865 300.339 29382.7 -0.0241381
0.65375 0.414135 300.338 29382 0.294865 300.339 29382.7 -0.0231006
0.65625 0.413986 300.338 29382.1 0.294865 300.339 29382.7 -0.0220619
0.65875 0.413821 300.338 29382.1 0.294865 300.339 29382.7 -0.021021
0.66125 0.413639 300.338 29382.1 0.294865 300.339 29382.7 -0.0199765
0.66375 0.413439 300.338 29382.2 0.294865 300.339 29382.7 -0.0189264
0.66625 0.413222 300.338 29382.2 0.294865 300.339 29382.7 -0.017868
0.66875 0.412988 300.338 29382.3 0.294865 300.339 29382.7 -0.0167971
0.67125 0.41274 300.338 29382.3 0.294865 300.339 29382.7 -0.0157088
0.67375 0.412482 300.338 29382.4 0.294865 300.339 29382.7 -0.014596
0.67625 0.412217 300.338 29382.4 0.294865 300.339 29382.7 -0.0134501
0.67875 0.411954 300.338 29382.4 0.294865 300.339 29382.7 -0.0122603
0.68125 0.411699 300.339 29382.5 0.294865 300.339 29382.7 -0.0110132
0.68375 0.411464 300.339 29382.5 0.294865 300.339 29382.7 -0.0096935
0.68625 0.411257 300.339 29382.6 0.294865 300.339 29382.7 -0.00828325
0.68875 0.411091 300.339 29382.6 0.294865 300.339 29382.7 -0.00676256
0.69125 0.410975 300.339 29382.6 0.294865 300.339 29382.7 -0.00510988
0.69375 0.410922 300.339 29382.7 0.294865 300.339 29382.7 -0.00330254
0.69625 0.410912 300.339 29382.7 0.294865 300.339 29382.7 -0.00131761
0.69875 0.410913 300.339 29382.8 0.294866 300.339 29382.8 0.000867289
0.70125 0.410913 300.34 29382.8 0.294866 300.34 29382.8 0.00327297
0.70375 0.410913 300.34 29382.8 0.29489 300.34 29382.8 0.00591773
0.70625 0.410914 300.34 29382.8 0.294952 300.34 29382.9 0.00881642
0.70875 0.410914 300.34 29382.8 0.295054 300.34 29382.9 0.0119797
0.71125 0.410914 300.34 29382.8 0.295194 300.34 29382.9 0.0154134
0.71375 0.410914 300.34 29382.8 0.29537 300.341 29383 0.0191185
0.71625 0.410914 300.34 29382.8 0.295578 300.341 29383 0.0230906
0.71875 0.410914 300.34 29382.8 0.295813 300.341 29383 0.0273207
0.72125 0.410914 300.34 29382.8 0.296066 300.341 29383.1 0.0317953
0.72375 0.410914 300.34 29382.8 0.296331 300.342 29383.1 0.0364976
0.72625 0.410914 300.34 29382.8 0.296602 300.342 29383.1 0.0414079
0.72875 0.410914 300.34 29382.8 0.29687 300.342 29383.2 0.0465047
0.73125 0.410914 300.34 29382.8 0.297129 300.342 29383.2 0.0517658
0.73375 0.410914 300.34 29382.8 0.297374 300.343 29383.2 0.0571689
0.73625 0.410914 300.34 29382.8 0.297601 300.343 29383.3 0.0626927
0.73875 0.410914 300.34 29382.8 0.297807 300.343 29383.3 0.0683169
0.74125 0.410914 300.34 29382.8 0.297989 300.344 29383.4 0.0740235
0.74375 0.410914 300.34 29382.8 0.298149 300.344 29383.4 0.0797964
0.74625 0.410914 300.34 29382.8 0.298285 300.344 29383.4 0.0856215
0.74875 0.410914 300.34 29382.8 0.298399 300.345 29383.5 0.0914873
0.75125 0.410914 300.34 29382.8 0.298494 300.345 29383.5 0.097384
0.75375 0.410914 300.34 29382.8 0.298571 300.345 29383.6 0.103304
0.75625 0.410914 300.34 29382.8 0.298632 300.346 29383.6 0.109241
0.75875 0.410914 300.34 29382.8 0.298681 300.346 29383.7 0.11519
0.76125 0.410914 300.34 29382.8 0.298718 300.347 29383.7 0.121148
0.76375 0.410914 300.34 29382.8 0.298747 300.347 29383.8 0.127112
0.76625 0.410914 300.34 29382.8 0.298769 300.347 29383.8 0.133081
0.76875 0.410914 300.34 29382.8 0.298786 300.348 29383.9 0.139052
0.77125 0.410914 300.34 29382.8 0.298798 300.348 29383.9 0.145025
0.77375 0.410914 300.34 29382.8 0.298807 300.349 29384 0.151
0.77625 0.410914 300.34 29382.8 0.298814 300.349 29384.1 0.156975
0.77875 0.410914 300.34 29382.8 0.298819 300.35 29384.1 0.162951
0.78125 0.410914 300.34 29382.8 0.298823 300.351 29384.2 0.168927
0.78375 0.410914 300.34 29382.8 0.298826 300.351 29384.2 0.174903
0.78625 0.410914 300.34 29382.8 0.298828 300.352 29384.3 0.18088
0.78875 0.410914 300.34 29382.8 0.29883 300.352 29384.4 0.186856
0.79125 0.410914 300.34 29382.8 0.298831 300.353 29384.4 0.192833
0.79375 0.410914 300.34 29382.8 0.298833 300.354 29384.5 0.198809
0.79625 0.410914 300.34 29382.8 0.298834 300.354 29384.6 0.204786
0.79875 0.410914 300.34 29382.8 0.298835 300.355 29384.7 0.210763
0.80125 0.410914 300.34 29382.8 0.298836 300.356 29384.7 0.216739
0.80375 0.410914 300.34 29382.8 0.298837 300.356 29384.8 0.222716
0.80625 0.410914 300.34 29382.8 0.298838 300.357 29384.9 0.228693
0.80875 0.410914 300.34 29382.8 0.298839 300.358 29385 0.23467
0.81125 0.410914 300.34 29382.8 0.29884 300.359 29385.1 0.240647
0.81375 0.410914 300.34 29382.8 0.298841 300.36 29385.2 0.246623
0.81625 0.410914 300.34 29382.8 0.298842 300.361 29385.3 0.2526
0.81875 0.410914 300.34 29382.8 0.298843 300.362 29385.4 0.258577
0.82125 0.410914 300.34 29382.8 0.298844 300.363 29385.5 0.264554
0.82375 0.410914 300.34 29382.8 0.298846 300.364 29385.6 0.270531
0.82625 0.410914 300.34 29382.8 0.298847 300.365 29385.7 0.276508
0.82875 0.410914 300.34 29382.8 0.298848 300.366 29385.8 0.282485
0.83125 0.410914 300.34 29382.8 0.298849 300.367 29385.9 0.288462
0.83375 0.410914 300.34 29382.8 0.29885 300.368 29386.1 0.294439
0.83625 0.410914 300.34 29382.8 0.298851 300.369 29386.2 0.300416
0.83875 0.410914 300.34 29382.8 0.298853 300.37 29386.3 0.306393
0.84125 0.410914 300.34 29382.8 0.298854 300.372 29386.5 0.31237
0.84375 0.410914 300.34 29382.8 0.298854 300.372 29386.5 0.318347
0.84625 0.410914 300.34 29382.8 0.298852 300.369 29386.2 0.324324
0.84875 0.410914 300.34 29382.8 0.298837 300.352 29384.4 0.330301
0.85125 0.410914 300.34 29382.8 0.29876 300.263 29375.3 0.336276
0.85375 0.410914 300.34 29382.8 0.298397 299.846 29332.5 0.342244
0.85625 0.410914 300.34 29382.8 0.296725 297.915 29135.3 0.348178
0.85875 0.410914 300.34 29382.8 0.28937 289.29 28269.5 0.353966
0.86125 0.410914 300.34 29382.8 0.262302 255.49 25106 0.359214
0.86375 0.410914 300.34 29382.8 0.201678 164.378 18172.1 0.363257
0.86625 0.410914 300.34 29382.8 0.145937 51.1424 12101.3 0.366181
0.86875 0.410914 300.34 29382.8 0.128018 7.49079 10291.9 0.368742
0.87125 0.410914 300.34 29382.8 0.125347 0.859924 10033.3 0.371249
0.87375 0.410914 300.34 29382.8 0.125038 0.0953943 10003.7 0.37375
0.87625 0.410914 300.34 29382.8 0.125004 0.0105417 10000.4 0.37625
0.87875 0.410914 300.34 29382.8 0.125 0.00116449 10000 0.37875
0.88125 0.410914 300.34 29382.8 0.125 0.000128635 10000 0.38125
0.88375 0.410914 300.34 29382.8 0.125 1.42103e-05 10000 0.38375
0.88625 0.410914 300.34 29382.8 0.125 1.5699e-06 10000 0.38625
0.88875 0.410914 300.34 29382.8 0.125 1.73444e-07 10000 0.38875
0.89125 0.410914 300.34 29382.8 0.125 1.91633e-08 10000 0.39125
0.89375 0.410914 300.34 29382.8 0.125 2.1174e-09 10000 0.39375
0.89625 0.410914 300.34 29382.8 0.125 2.33951e-10 10000 0.39625
0.89875 0.410914 300.34 29382.8 0.125 2.58544e-11 10000 0.39875
0.90125 0.410914 300.34 29382.8 0.125 2.86471e-12 10000 0.40125
0.90375 0.410914 300.34 29382.8 0.125 3.24306e-13 10000 0.40375
0.90625 0.410914 300.34 29382.8 0.125 3.60341e-14 10000 0.40625
0.90875 0.410914 300.34 29382.8 0.125 0 10000 0.40875
0.91125 0.410914 300.34 29382.8 0.125 0 10000 0.41125
0.91375 0.410914 300.34 29382.8 0.125 0 10000 0.41375
0.91625 0.410914 300.34 29382.8 0.125 0 10000 0.41625
0.91875 0.410914 300.34 29382.8 0.125 0 10000 0.41875
0.92125 0.410914 300.34 29382.8 0.125 0 10000 0.42125
0.92375 0.410914 300.34 29382.8 0.125 0 10000 0.42375
0.92625 0.410914 300.34 29382.8 0.125 0 10000 0.42625
0.92875 0.410914 300.34 29382.8 0.125 0 10000 0.42875
0.93125 0.410914 300.34 29382.8 0.125 0 10000 0.43125
0.93375 0.410914 300.34 29382.8 0.125 0 10000 0.43375
0.93625 0.410914 300.34 29382.8 0.125 0 10000 0.43625
0.93875 0.410914 300.34 29382.8 0.125 0 10000 0.43875
0.94125 0.410914 300.34 29382.8 0.125 0 10000 0.44125
0.94375 0.410914 300.34 29382.8 0.125 0 10000 0.44375
0.94625 0.410914 300.34 29382.8 0.125 0 10000 0.44625
0.94875 0.410914 300.34 29382.8 0.125 0 10000 0.44875
0.95125 0.410914 300.34 29382.8 0.125 0 10000 0.45125
0.95375 0.410914 300.34 29382.8 0.125 0 10000 0.45375
0.95625 0.410914 300.34 29382.8 0.125 0 10000 0.45625
0.95875 0.410914 300.34 29382.8 0.125 0 10000 0.45875
0.96125 0.410914 300.34 29382.8 0.125 0 10000 0.46125
0.96375 0.410914 300.34 29382.8 0.125 0 10000 0.46375
0.96625 0.410914 300.34 29382.8 0.125 0 10000 0.46625
0.96875 0.410914 300.34 29382.8 0.125 0 10000 0.46875
0.97125 0.410914 300.34 29382.8 0.125 0 10000 0.47125
0.97375 0.410914 300.34 29382.8 0.125 0 10000 0.47375
0.97625 0.410914 300.34 29382.8 0.125 0 10000 0.47625
0.97875 0.410914 300.34 29382.8 0.125 0 10000 0.47875
0.98125 0.410914 300.34 29382.8 0.125 0 10000 0.48125
0.98375 0.410914 300.34 29382.8 0.125 0 10000 0.48375
0.98625 0.410914 300.34 29382.8 0.125 0 10000 0.48625
0.98875 0.410914 300.34 29382.8 0.125 0 10000 0.48875
0.99125 0.410914 300.34 29382.8 0.125 0 10000 0.49125
0.99375 0.410914 300.34 29382.8 0.125 0 10000 0.49375
0.99625 0.410914 300.34 29382.8 0.125 0 10000 0.49625
0.99875 0.410914 300.34 29382.8 0.125 0 10000 0.49875
